date,gameTime,team,opp,quarter,score,scoreDiff,shotType,home,distance,made,gameWon
2006-01-20,20.25,Brooklyn Nets,Boston Celtics,2,36-47,-13,two point jumper,False,16,False,False
2006-01-21,8.03333333333,Brooklyn Nets,Boston Celtics,1,14-19,3,layup,True,0,True,False
2006-01-21,9.86666666667,Brooklyn Nets,Boston Celtics,1,18-25,5,two point jumper,True,18,True,False
2006-01-21,10.1833333333,Brooklyn Nets,Boston Celtics,1,18-27,7,layup,True,0,True,False
2006-01-21,12.6333333333,Brooklyn Nets,Boston Celtics,2,25-31,5,free throw,True,15,False,False
2006-01-21,12.6333333333,Brooklyn Nets,Boston Celtics,2,25-32,6,free throw,True,15,True,False
2006-01-21,13.3833333333,Brooklyn Nets,Boston Celtics,2,25-36,9,two point jumper,True,16,True,False
2006-01-21,15.5166666667,Brooklyn Nets,Boston Celtics,2,29-39,8,two point shot,True,1,False,False
2006-01-21,31.3833333333,Brooklyn Nets,Boston Celtics,3,54-76,20,layup,True,0,False,False
2006-01-21,33.8,Brooklyn Nets,Boston Celtics,3,60-86,24,two point jumper,True,1,True,False
2006-01-21,38.3666666667,Brooklyn Nets,Boston Celtics,4,65-95,28,layup,True,0,True,False
2006-04-14,10.5333333333,Brooklyn Nets,Boston Celtics,1,12-16,-6,two point jumper,False,13,False,True
2006-04-14,12.0,Brooklyn Nets,Boston Celtics,1,13-18,-6,free throw,False,15,True,True
2006-04-14,12.0,Brooklyn Nets,Boston Celtics,1,14-18,-5,free throw,False,15,True,True
2006-04-14,13.5,Brooklyn Nets,Boston Celtics,2,16-22,-8,layup,False,0,True,True
2006-04-14,17.6666666667,Brooklyn Nets,Boston Celtics,2,20-25,-6,free throw,False,15,False,True
2006-04-14,34.8333333333,Brooklyn Nets,Boston Celtics,3,52-52,-2,two point jumper,False,4,False,True
2006-04-14,38.1333333333,Brooklyn Nets,Boston Celtics,4,61-57,2,layup,False,0,True,True
2006-04-16,16.2,Brooklyn Nets,Boston Celtics,2,26-38,10,two point jumper,True,20,True,True
2006-04-16,35.5166666667,Brooklyn Nets,Boston Celtics,3,68-74,5,free throw,True,15,True,True
2006-04-16,35.5166666667,Brooklyn Nets,Boston Celtics,3,68-74,5,free throw,True,15,False,True
2006-04-16,37.2666666667,Brooklyn Nets,Boston Celtics,4,74-78,2,two point jumper,True,19,True,True
2006-04-16,41.1333333333,Brooklyn Nets,Boston Celtics,4,78-86,6,two point jumper,True,18,True,True
2006-04-16,43.95,Brooklyn Nets,Boston Celtics,4,82-89,5,two point jumper,True,19,False,True
2006-04-16,47.9166666667,Brooklyn Nets,Boston Celtics,4,93-94,0,free throw,True,15,False,True
2006-04-16,47.9166666667,Brooklyn Nets,Boston Celtics,4,93-95,1,free throw,True,15,True,True
2006-11-07,39.1166666667,Brooklyn Nets,Miami Heat,4,70-78,-10,two point jumper,False,1,False,False
2006-11-11,13.55,Brooklyn Nets,Indiana Pacers,2,23-30,-9,two point jumper,False,1,False,True
2006-11-23,43.6333333333,Brooklyn Nets,Sacramento Kings,4,94-108,-16,two point jumper,False,1,True,False
2006-11-25,22.3,Brooklyn Nets,Phoenix Suns,2,24-44,-22,layup,False,0,False,False
2006-11-25,37.7666666667,Brooklyn Nets,Phoenix Suns,4,68-74,-8,two point jumper,False,17,False,False
2006-11-27,35.6333333333,Brooklyn Nets,Los Angeles Lakers,3,65-53,10,two point jumper,False,9,True,False
2006-11-27,18.4333333333,Brooklyn Nets,Los Angeles Lakers,5,95-93,0,two point jumper,False,21,True,False
2006-11-28,34.1,Brooklyn Nets,Denver Nuggets,3,76-63,11,two point jumper,False,21,True,False
2006-11-28,47.7,Brooklyn Nets,Denver Nuggets,4,101-92,8,free throw,False,15,True,False
2006-11-28,47.7,Brooklyn Nets,Denver Nuggets,4,101-92,8,free throw,False,15,False,False
2006-12-07,15.5833333333,Brooklyn Nets,Charlotte Bobcats,2,28-23,3,two point jumper,False,20,True,True
2006-12-07,16.1,Brooklyn Nets,Charlotte Bobcats,2,30-23,5,two point shot,False,1,True,True
2006-12-07,39.1166666667,Brooklyn Nets,Charlotte Bobcats,4,74-68,4,two point jumper,False,16,False,True
2006-12-09,15.3833333333,Brooklyn Nets,Cleveland Cavaliers,2,33-22,9,two point jumper,False,18,False,True
2006-12-10,13.25,Brooklyn Nets,Philadelphia 76ers,2,30-29,-3,layup,True,0,True,True
2006-12-10,17.0333333333,Brooklyn Nets,Philadelphia 76ers,2,40-31,-10,free throw,True,15,False,True
2006-12-10,17.0333333333,Brooklyn Nets,Philadelphia 76ers,2,40-32,-9,free throw,True,15,True,True
2006-12-10,40.5666666667,Brooklyn Nets,Philadelphia 76ers,4,96-80,-18,two point jumper,True,22,True,True
2006-12-10,44.3333333333,Brooklyn Nets,Philadelphia 76ers,4,100-87,-15,layup,True,0,False,True
2006-12-10,47.65,Brooklyn Nets,Philadelphia 76ers,4,107-90,-20,three point jumper,True,24,False,True
2006-12-13,39.1833333333,Brooklyn Nets,Washington Wizards,4,55-80,-27,two point jumper,False,19,True,False
2006-12-13,39.8666666667,Brooklyn Nets,Washington Wizards,4,57-82,-27,two point jumper,False,17,True,False
2006-12-13,43.8166666667,Brooklyn Nets,Washington Wizards,4,68-89,-23,layup,False,0,True,False
2006-12-13,46.7166666667,Brooklyn Nets,Washington Wizards,4,69-94,-26,free throw,False,15,True,False
2006-12-13,46.7166666667,Brooklyn Nets,Washington Wizards,4,70-94,-25,free throw,False,15,True,False
2006-12-14,12.25,Brooklyn Nets,Charlotte Bobcats,2,19-24,3,two point jumper,True,7,True,False
2006-12-14,12.95,Brooklyn Nets,Charlotte Bobcats,2,19-25,5,free throw,True,15,True,False
2006-12-14,12.95,Brooklyn Nets,Charlotte Bobcats,2,19-25,5,free throw,True,15,False,False
2006-12-14,15.3833333333,Brooklyn Nets,Charlotte Bobcats,2,21-31,8,two point jumper,True,17,True,False
2006-12-14,36.9666666667,Brooklyn Nets,Charlotte Bobcats,4,63-58,-7,two point jumper,True,19,False,False
2006-12-14,47.5666666667,Brooklyn Nets,Charlotte Bobcats,4,87-81,-8,layup,True,0,True,False
2006-12-16,11.2166666667,Brooklyn Nets,Denver Nuggets,1,15-29,13,free throw,True,15,True,True
2006-12-16,11.2166666667,Brooklyn Nets,Denver Nuggets,1,15-29,13,free throw,True,15,False,True
2006-12-16,14.95,Brooklyn Nets,Denver Nuggets,2,21-31,8,layup,True,0,False,True
2006-12-16,23.4666666667,Brooklyn Nets,Denver Nuggets,2,43-47,2,layup,True,0,True,True
2006-12-16,37.8666666667,Brooklyn Nets,Denver Nuggets,4,73-71,-4,two point jumper,True,21,False,True
2006-12-16,40.2833333333,Brooklyn Nets,Denver Nuggets,4,73-77,2,layup,True,0,False,True
2006-12-16,23.6833333333,Brooklyn Nets,Denver Nuggets,6,100-114,12,layup,True,0,True,True
2006-12-16,23.6833333333,Brooklyn Nets,Denver Nuggets,6,100-115,14,free throw,True,15,True,True
2006-12-18,13.45,Brooklyn Nets,Golden State Warriors,2,25-42,15,two point jumper,True,1,False,False
2006-12-18,34.0833333333,Brooklyn Nets,Golden State Warriors,3,63-90,25,two point jumper,True,19,True,False
2006-12-18,36.9666666667,Brooklyn Nets,Golden State Warriors,4,65-94,27,two point jumper,True,20,False,False
2006-12-20,12.8166666667,Brooklyn Nets,Los Angeles Clippers,2,24-26,0,two point jumper,True,18,False,True
2006-12-20,12.95,Brooklyn Nets,Los Angeles Clippers,2,24-26,0,two point jumper,True,15,False,True
2006-12-20,14.8333333333,Brooklyn Nets,Los Angeles Clippers,2,26-30,2,layup,True,0,True,True
2006-12-20,34.1,Brooklyn Nets,Los Angeles Clippers,3,63-75,10,two point jumper,True,18,False,True
2006-12-20,35.1833333333,Brooklyn Nets,Los Angeles Clippers,3,68-80,10,two point jumper,True,21,True,True
2006-12-21,35.1,Brooklyn Nets,Orlando Magic,3,71-64,5,layup,False,0,True,True
2006-12-21,35.1,Brooklyn Nets,Orlando Magic,3,72-64,7,free throw,False,15,True,True
2006-12-23,36.0,Brooklyn Nets,Miami Heat,3,69-60,6,three point jumper,False,25,False,True
2006-12-23,40.35,Brooklyn Nets,Miami Heat,4,76-66,8,two point jumper,False,1,False,True
2006-12-26,13.5833333333,Brooklyn Nets,New York Knicks,2,37-25,10,two point jumper,False,19,False,True
2006-12-26,36.0,Brooklyn Nets,New York Knicks,3,95-75,18,two point jumper,False,6,False,True
2006-12-26,40.0333333333,Brooklyn Nets,New York Knicks,4,103-86,15,two point jumper,False,22,False,True
2006-12-26,40.8833333333,Brooklyn Nets,New York Knicks,4,104-89,14,free throw,False,15,True,True
2006-12-26,40.8833333333,Brooklyn Nets,New York Knicks,4,104-89,14,free throw,False,15,False,True
2006-12-26,40.8833333333,Brooklyn Nets,New York Knicks,4,105-89,15,free throw,False,15,True,True
2006-12-27,10.9666666667,Brooklyn Nets,Cleveland Cavaliers,1,19-25,4,two point jumper,True,18,True,True
2006-12-27,14.9,Brooklyn Nets,Cleveland Cavaliers,2,28-35,5,two point jumper,True,19,False,True
2006-12-27,29.7333333333,Brooklyn Nets,Cleveland Cavaliers,3,54-60,4,layup,True,0,False,True
2006-12-27,34.7666666667,Brooklyn Nets,Cleveland Cavaliers,3,62-78,14,two point jumper,True,19,True,True
2006-12-27,42.4833333333,Brooklyn Nets,Cleveland Cavaliers,4,75-89,12,two point jumper,True,19,False,True
2006-12-30,11.4833333333,Brooklyn Nets,Atlanta Hawks,1,19-20,-1,two point jumper,True,13,False,True
2006-12-30,16.1,Brooklyn Nets,Atlanta Hawks,2,30-31,-1,two point jumper,True,20,True,True
2006-12-30,43.1333333333,Brooklyn Nets,Atlanta Hawks,4,84-85,-1,two point jumper,True,19,True,True
2006-12-30,44.5666666667,Brooklyn Nets,Atlanta Hawks,4,86-89,1,two point jumper,True,20,True,True
2006-12-30,47.2833333333,Brooklyn Nets,Atlanta Hawks,4,91-96,3,two point jumper,True,1,True,True
2006-01-06,11.15,Brooklyn Nets,Orlando Magic,1,25-23,-4,two point jumper,True,19,False,True
2006-01-06,11.5166666667,Brooklyn Nets,Orlando Magic,1,27-27,-2,two point jumper,True,1,True,True
2006-01-06,16.3833333333,Brooklyn Nets,Orlando Magic,2,37-37,-2,two point jumper,True,17,True,True
2006-01-06,10.7,Brooklyn Nets,Orlando Magic,5,65-85,18,two point jumper,True,19,True,True
2006-01-06,11.7166666667,Brooklyn Nets,Orlando Magic,5,69-85,14,two point jumper,True,17,False,True
2006-01-06,21.0833333333,Brooklyn Nets,Orlando Magic,5,92-101,7,layup,True,0,False,True
2006-01-06,21.7166666667,Brooklyn Nets,Orlando Magic,5,98-106,7,free throw,True,15,True,True
2006-01-06,21.7166666667,Brooklyn Nets,Orlando Magic,5,98-107,8,free throw,True,15,True,True
2006-01-06,21.8166666667,Brooklyn Nets,Orlando Magic,5,100-108,7,free throw,True,15,True,True
2006-01-06,21.8166666667,Brooklyn Nets,Orlando Magic,5,100-109,8,free throw,True,15,True,True
2006-01-08,2.33333333333,Brooklyn Nets,Toronto Raptors,1,3-4,-3,two point jumper,False,19,False,True
2006-01-08,7.25,Brooklyn Nets,Toronto Raptors,1,15-12,2,free throw,False,15,True,True
2006-01-08,7.25,Brooklyn Nets,Toronto Raptors,1,16-12,3,free throw,False,15,True,True
2006-01-08,13.7,Brooklyn Nets,Toronto Raptors,2,31-26,3,layup,False,0,False,True
2006-01-08,17.2333333333,Brooklyn Nets,Toronto Raptors,2,37-37,-2,layup,False,0,True,True
2006-01-08,19.1333333333,Brooklyn Nets,Toronto Raptors,2,37-40,-4,free throw,False,15,False,True
2006-01-08,19.1333333333,Brooklyn Nets,Toronto Raptors,2,38-40,-3,free throw,False,15,True,True
2006-01-08,19.6333333333,Brooklyn Nets,Toronto Raptors,2,38-40,-4,two point jumper,False,1,False,True
2006-01-08,20.15,Brooklyn Nets,Toronto Raptors,2,40-42,-4,two point jumper,False,19,True,True
2006-01-08,28.85,Brooklyn Nets,Toronto Raptors,3,57-60,-4,free throw,False,15,False,True
2006-01-08,29.7333333333,Brooklyn Nets,Toronto Raptors,3,57-63,-8,two point shot,False,1,False,True
2006-01-08,44.4333333333,Brooklyn Nets,Toronto Raptors,4,88-92,-6,two point shot,False,1,False,True
2006-01-10,5.53333333333,Brooklyn Nets,San Antonio Spurs,1,9-11,-4,two point jumper,False,19,False,False
2006-01-10,5.63333333333,Brooklyn Nets,San Antonio Spurs,1,9-11,-4,two point jumper,False,22,False,False
2006-01-10,11.1833333333,Brooklyn Nets,San Antonio Spurs,1,22-25,-5,two point jumper,False,5,True,False
2006-01-10,15.3333333333,Brooklyn Nets,San Antonio Spurs,2,28-29,-2,free throw,False,15,True,False
2006-01-10,15.3333333333,Brooklyn Nets,San Antonio Spurs,2,29-29,-1,free throw,False,15,True,False
2006-01-10,19.2166666667,Brooklyn Nets,San Antonio Spurs,2,31-40,-11,two point jumper,False,19,False,False
2006-01-10,27.65,Brooklyn Nets,San Antonio Spurs,3,47-55,-10,two point jumper,False,18,False,False
2006-01-10,27.8833333333,Brooklyn Nets,San Antonio Spurs,3,49-55,-8,layup,False,0,True,False
2006-01-10,35.5333333333,Brooklyn Nets,San Antonio Spurs,3,65-70,-7,layup,False,0,True,False
2006-01-10,35.5333333333,Brooklyn Nets,San Antonio Spurs,3,65-70,-6,free throw,False,15,False,False
2006-01-10,36.0,Brooklyn Nets,San Antonio Spurs,3,65-70,-7,layup,False,0,False,False
2006-01-10,43.8833333333,Brooklyn Nets,San Antonio Spurs,4,71-83,-14,two point jumper,False,11,False,False
2006-01-10,46.0833333333,Brooklyn Nets,San Antonio Spurs,4,75-85,-12,layup,False,0,True,False
2006-01-13,1.55,Brooklyn Nets,Memphis Grizzlies,1,2-0,0,layup,False,0,True,False
2006-01-13,2.26666666667,Brooklyn Nets,Memphis Grizzlies,1,2-2,-2,two point jumper,False,16,False,False
2006-01-13,9.95,Brooklyn Nets,Memphis Grizzlies,1,12-13,-3,two point jumper,False,15,False,False
2006-01-13,11.3333333333,Brooklyn Nets,Memphis Grizzlies,1,14-15,-3,layup,False,0,True,False
2006-01-13,11.3333333333,Brooklyn Nets,Memphis Grizzlies,1,14-15,-2,free throw,False,15,False,False
2006-01-13,11.3333333333,Brooklyn Nets,Memphis Grizzlies,1,15-15,-1,free throw,False,15,True,False
2006-01-13,24.8666666667,Brooklyn Nets,Memphis Grizzlies,3,29-49,-22,two point jumper,False,21,False,False
2006-01-14,18.35,Brooklyn Nets,Dallas Mavericks,2,29-53,-26,two point jumper,False,18,False,True
2006-01-14,22.6166666667,Brooklyn Nets,Dallas Mavericks,2,39-64,-27,two point jumper,False,19,False,True
2006-01-14,26.3166666667,Brooklyn Nets,Dallas Mavericks,3,45-75,-32,two point jumper,False,20,False,True
2006-01-14,34.2833333333,Brooklyn Nets,Dallas Mavericks,3,54-93,-40,free throw,False,15,False,True
2006-01-14,38.6333333333,Brooklyn Nets,Dallas Mavericks,4,58-96,-40,two point jumper,False,21,False,True
2006-01-14,40.6,Brooklyn Nets,Dallas Mavericks,4,65-101,-38,layup,False,0,True,True
2006-01-16,9.15,Brooklyn Nets,Indiana Pacers,1,15-22,5,layup,True,0,True,True
2006-01-16,13.9333333333,Brooklyn Nets,Indiana Pacers,2,23-33,8,layup,True,0,True,True
2006-01-16,14.4,Brooklyn Nets,Indiana Pacers,2,25-35,8,two point jumper,True,1,True,True
2006-01-16,17.7833333333,Brooklyn Nets,Indiana Pacers,2,35-41,4,layup,True,0,True,True
2006-01-16,35.4333333333,Brooklyn Nets,Indiana Pacers,3,65-76,9,two point jumper,True,19,False,True
2006-01-16,45.9166666667,Brooklyn Nets,Indiana Pacers,4,81-91,8,two point jumper,True,16,False,True
2006-01-16,46.8,Brooklyn Nets,Indiana Pacers,4,85-91,4,two point jumper,True,15,False,True
2006-01-16,47.2333333333,Brooklyn Nets,Indiana Pacers,4,85-91,5,free throw,True,15,False,True
2006-01-16,47.2333333333,Brooklyn Nets,Indiana Pacers,4,85-92,6,free throw,True,15,True,True
2006-01-16,47.4333333333,Brooklyn Nets,Indiana Pacers,4,87-93,5,free throw,True,15,True,True
2006-01-16,47.4333333333,Brooklyn Nets,Indiana Pacers,4,87-94,6,free throw,True,15,True,True
2006-01-18,11.55,Brooklyn Nets,Philadelphia 76ers,1,29-20,7,layup,False,0,True,False
2006-01-18,11.55,Brooklyn Nets,Philadelphia 76ers,1,30-20,9,free throw,False,15,True,False
2006-01-23,12.0,Brooklyn Nets,Utah Jazz,1,14-22,-10,two point jumper,False,21,False,False
2006-01-23,16.2333333333,Brooklyn Nets,Utah Jazz,2,17-24,-9,two point jumper,False,21,False,False
2006-01-23,18.9166666667,Brooklyn Nets,Utah Jazz,2,19-28,-11,two point jumper,False,21,False,False
2006-01-23,19.6333333333,Brooklyn Nets,Utah Jazz,2,20-31,-12,free throw,False,15,True,False
2006-01-23,19.6333333333,Brooklyn Nets,Utah Jazz,2,20-31,-12,free throw,False,15,False,False
2006-01-23,45.9166666667,Brooklyn Nets,Utah Jazz,4,68-81,-15,layup,False,0,True,False
2006-01-23,45.9166666667,Brooklyn Nets,Utah Jazz,4,69-81,-13,free throw,False,15,True,False
2006-01-25,10.7833333333,Brooklyn Nets,Los Angeles Clippers,1,15-23,-9,free throw,False,15,True,False
2006-01-25,10.7833333333,Brooklyn Nets,Los Angeles Clippers,1,15-23,-9,free throw,False,15,False,False
2006-01-25,15.3,Brooklyn Nets,Los Angeles Clippers,2,20-32,-14,two point jumper,False,11,False,False
2006-01-25,41.1,Brooklyn Nets,Los Angeles Clippers,4,58-78,-22,layup,False,0,False,False
2006-01-25,44.4166666667,Brooklyn Nets,Los Angeles Clippers,4,64-83,-21,two point jumper,False,17,False,False
2006-01-25,44.8,Brooklyn Nets,Los Angeles Clippers,4,64-83,-20,free throw,False,15,False,False
2006-01-25,44.8,Brooklyn Nets,Los Angeles Clippers,4,65-83,-19,free throw,False,15,True,False
2006-01-25,44.8,Brooklyn Nets,Los Angeles Clippers,4,66-83,-18,free throw,False,15,True,False
2006-01-25,47.0833333333,Brooklyn Nets,Los Angeles Clippers,4,74-90,-18,two point shot,False,1,True,False
2006-01-27,4.03333333333,Brooklyn Nets,Portland Trail Blazers,1,6-9,-5,two point jumper,False,18,True,False
2006-01-27,5.78333333333,Brooklyn Nets,Portland Trail Blazers,1,8-11,-5,layup,False,0,False,False
2006-01-27,7.06666666667,Brooklyn Nets,Portland Trail Blazers,1,10-13,-5,two point shot,False,11,False,False
2006-01-27,7.6,Brooklyn Nets,Portland Trail Blazers,1,10-16,-8,two point jumper,False,22,False,False
2006-01-27,22.1833333333,Brooklyn Nets,Portland Trail Blazers,2,31-44,-14,free throw,False,15,True,False
2006-01-27,22.1833333333,Brooklyn Nets,Portland Trail Blazers,2,32-44,-13,free throw,False,15,True,False
2006-01-27,27.2,Brooklyn Nets,Portland Trail Blazers,3,38-56,-20,two point jumper,False,22,False,False
2006-01-27,31.5666666667,Brooklyn Nets,Portland Trail Blazers,3,50-63,-15,layup,False,0,True,False
2006-01-27,43.1666666667,Brooklyn Nets,Portland Trail Blazers,4,71-80,-11,two point jumper,False,20,False,False
2006-01-27,44.2166666667,Brooklyn Nets,Portland Trail Blazers,4,71-80,-10,free throw,False,15,False,False
2006-01-27,44.2166666667,Brooklyn Nets,Portland Trail Blazers,4,72-80,-9,free throw,False,15,True,False
2006-01-27,44.7333333333,Brooklyn Nets,Portland Trail Blazers,4,72-80,-10,two point jumper,False,1,False,False
2006-01-28,12.8,Brooklyn Nets,Oklahoma City Thunder,2,29-26,1,layup,False,0,True,False
2006-01-28,30.0333333333,Brooklyn Nets,Oklahoma City Thunder,3,57-70,-15,two point jumper,False,21,False,False
2006-01-28,31.1333333333,Brooklyn Nets,Oklahoma City Thunder,3,59-72,-15,two point jumper,False,19,False,False
2006-01-28,38.2,Brooklyn Nets,Oklahoma City Thunder,4,78-86,-11,three point jumper,False,26,False,False
2006-01-28,47.7666666667,Brooklyn Nets,Oklahoma City Thunder,4,102-113,-13,two point jumper,False,1,False,False
2006-01-31,14.0666666667,Brooklyn Nets,Detroit Pistons,2,26-26,-2,two point shot,True,1,True,True
2006-01-31,35.2,Brooklyn Nets,Detroit Pistons,3,59-67,6,two point jumper,True,18,False,True
2006-02-01,11.2,Brooklyn Nets,Cleveland Cavaliers,1,15-14,-1,two point jumper,False,17,False,False
2006-02-01,12.95,Brooklyn Nets,Cleveland Cavaliers,2,17-17,-2,layup,False,0,True,False
2006-02-01,15.8333333333,Brooklyn Nets,Cleveland Cavaliers,2,21-17,2,two point jumper,False,20,False,False
2006-02-04,36.9666666667,Brooklyn Nets,Miami Heat,4,73-79,4,two point jumper,True,19,True,False
2006-02-04,37.5,Brooklyn Nets,Miami Heat,4,73-81,6,two point jumper,True,19,True,False
2006-02-06,36.75,Brooklyn Nets,New Orleans Pelicans,4,71-68,-5,two point jumper,True,1,False,True
2006-02-08,19.8833333333,Brooklyn Nets,New York Knicks,2,36-44,6,two point jumper,True,18,True,True
2006-02-08,40.2166666667,Brooklyn Nets,New York Knicks,4,65-89,22,two point jumper,True,18,True,True
2006-02-10,40.8166666667,Brooklyn Nets,San Antonio Spurs,4,64-64,-2,two point jumper,True,19,True,False
2006-02-10,46.7833333333,Brooklyn Nets,San Antonio Spurs,4,78-69,-11,two point jumper,True,16,False,False
2006-02-12,10.0,Brooklyn Nets,Milwaukee Bucks,1,17-21,1,three point jumper,True,23,False,True
2006-02-12,13.5666666667,Brooklyn Nets,Milwaukee Bucks,2,23-30,5,two point jumper,True,18,False,True
2006-02-12,15.55,Brooklyn Nets,Milwaukee Bucks,2,25-37,10,two point jumper,True,18,False,True
2006-02-12,37.8666666667,Brooklyn Nets,Milwaukee Bucks,4,61-76,13,two point jumper,True,20,False,True
2006-02-12,41.1,Brooklyn Nets,Milwaukee Bucks,4,65-81,14,layup,True,0,False,True
2006-02-12,47.2333333333,Brooklyn Nets,Milwaukee Bucks,4,79-92,11,two point jumper,True,18,False,True
2006-02-12,47.55,Brooklyn Nets,Milwaukee Bucks,4,79-94,13,layup,True,0,True,True
2006-02-14,9.41666666667,Brooklyn Nets,Detroit Pistons,1,16-17,-3,two point jumper,False,21,False,False
2006-02-14,36.7,Brooklyn Nets,Detroit Pistons,4,52-73,-23,layup,False,0,True,False
2006-02-14,42.7833333333,Brooklyn Nets,Detroit Pistons,4,63-82,-21,two point jumper,False,20,True,False
2006-02-15,13.2,Brooklyn Nets,Charlotte Bobcats,2,31-18,11,two point jumper,False,19,False,True
2006-02-15,15.75,Brooklyn Nets,Charlotte Bobcats,2,31-24,5,two point jumper,False,18,False,True
2006-02-21,36.65,Brooklyn Nets,Milwaukee Bucks,4,66-71,-7,two point jumper,False,17,False,True
2006-02-22,11.2166666667,Brooklyn Nets,Orlando Magic,1,27-23,-5,free throw,True,15,True,True
2006-02-22,11.2166666667,Brooklyn Nets,Orlando Magic,1,27-24,-4,free throw,True,15,True,True
2006-02-22,12.8833333333,Brooklyn Nets,Orlando Magic,2,31-26,-6,free throw,True,15,True,True
2006-02-22,12.8833333333,Brooklyn Nets,Orlando Magic,2,31-27,-5,free throw,True,15,True,True
2006-02-22,14.3333333333,Brooklyn Nets,Orlando Magic,2,33-27,-8,two point jumper,True,16,False,True
2006-02-24,15.0,Brooklyn Nets,New York Knicks,2,28-20,7,free throw,False,15,True,True
2006-02-26,13.6333333333,Brooklyn Nets,Indiana Pacers,2,24-22,-4,two point shot,True,8,False,True
2006-02-26,14.3833333333,Brooklyn Nets,Indiana Pacers,2,27-24,-5,layup,True,0,True,True
2006-02-26,14.95,Brooklyn Nets,Indiana Pacers,2,29-26,-5,two point jumper,True,18,True,True
2006-02-26,20.0166666667,Brooklyn Nets,Indiana Pacers,2,44-38,-8,two point jumper,True,1,True,True
2006-02-26,26.8666666667,Brooklyn Nets,Indiana Pacers,3,64-52,-14,two point jumper,True,1,True,True
2006-02-26,28.5333333333,Brooklyn Nets,Indiana Pacers,3,66-52,-16,layup,True,0,False,True
2006-02-26,28.9166666667,Brooklyn Nets,Indiana Pacers,3,66-56,-12,two point jumper,True,16,True,True
2006-02-26,33.4166666667,Brooklyn Nets,Indiana Pacers,3,75-64,-13,two point jumper,True,19,True,True
2006-02-26,36.0,Brooklyn Nets,Indiana Pacers,3,75-70,-8,three point jumper,True,23,False,True
2006-02-26,39.25,Brooklyn Nets,Indiana Pacers,4,82-73,-11,two point jumper,True,19,False,True
2006-03-01,38.45,Brooklyn Nets,Minnesota Timberwolves,4,69-76,-9,two point jumper,False,21,False,True
2006-03-04,44.15,Brooklyn Nets,Toronto Raptors,4,85-77,-10,two point jumper,True,14,False,True
2006-03-04,19.7666666667,Brooklyn Nets,Toronto Raptors,5,94-97,1,two point jumper,True,18,True,True
2006-03-04,21.5333333333,Brooklyn Nets,Toronto Raptors,5,94-99,3,two point jumper,True,21,True,True
2006-03-06,10.8333333333,Brooklyn Nets,Sacramento Kings,1,24-26,0,two point jumper,True,19,False,True
2006-03-06,13.2,Brooklyn Nets,Sacramento Kings,2,30-27,-5,two point shot,True,1,False,True
2006-03-06,36.6166666667,Brooklyn Nets,Sacramento Kings,4,85-68,-19,two point jumper,True,18,False,True
2006-03-06,37.75,Brooklyn Nets,Sacramento Kings,4,85-68,-19,two point jumper,True,19,False,True
2006-03-06,40.8166666667,Brooklyn Nets,Sacramento Kings,4,94-70,-26,two point jumper,True,19,True,True
2006-03-12,14.6166666667,Brooklyn Nets,New Orleans Pelicans,2,30-19,9,two point jumper,False,18,True,True
2006-03-13,12.3333333333,Brooklyn Nets,Houston Rockets,2,22-26,-6,two point jumper,False,1,True,True
2006-03-13,38.95,Brooklyn Nets,Houston Rockets,4,72-61,9,two point jumper,False,21,False,True
2006-03-13,47.5,Brooklyn Nets,Houston Rockets,4,87-77,9,free throw,False,15,True,True
2006-03-13,47.5,Brooklyn Nets,Houston Rockets,4,87-77,9,free throw,False,15,False,True
2006-03-15,8.41666666667,Brooklyn Nets,Portland Trail Blazers,1,20-18,-4,two point jumper,True,8,False,True
2006-03-15,11.1833333333,Brooklyn Nets,Portland Trail Blazers,1,22-20,-4,two point jumper,True,16,False,True
2006-03-15,11.7,Brooklyn Nets,Portland Trail Blazers,1,22-20,-4,two point jumper,True,18,False,True
2006-03-17,13.3833333333,Brooklyn Nets,Los Angeles Lakers,2,26-25,-3,two point jumper,True,1,False,True
2006-03-17,15.1166666667,Brooklyn Nets,Los Angeles Lakers,2,26-27,-1,layup,True,0,True,True
2006-03-17,15.9333333333,Brooklyn Nets,Los Angeles Lakers,2,26-29,1,two point jumper,True,7,True,True
2006-03-17,37.75,Brooklyn Nets,Los Angeles Lakers,4,68-72,2,two point jumper,True,20,False,True
2006-03-19,15.3833333333,Brooklyn Nets,Dallas Mavericks,2,16-35,17,two point jumper,True,20,False,False
2006-03-19,38.1333333333,Brooklyn Nets,Dallas Mavericks,4,61-79,16,two point jumper,True,1,False,False
2006-03-21,13.3833333333,Brooklyn Nets,Washington Wizards,2,29-24,3,two point jumper,False,18,False,True
2006-03-21,16.75,Brooklyn Nets,Washington Wizards,2,33-31,0,two point jumper,False,18,True,True
2006-03-21,18.1,Brooklyn Nets,Washington Wizards,2,37-35,0,two point jumper,False,21,True,True
2006-03-23,11.4833333333,Brooklyn Nets,Minnesota Timberwolves,1,27-16,-13,two point jumper,True,18,False,True
2006-03-23,12.0,Brooklyn Nets,Minnesota Timberwolves,1,29-19,-11,free throw,True,15,True,True
2006-03-23,12.0,Brooklyn Nets,Minnesota Timberwolves,1,29-20,-10,free throw,True,15,True,True
2006-03-23,13.75,Brooklyn Nets,Minnesota Timberwolves,2,31-23,-9,free throw,True,15,False,True
2006-03-26,11.7666666667,Brooklyn Nets,Detroit Pistons,1,23-10,11,two point jumper,False,19,False,True
2006-03-26,19.3833333333,Brooklyn Nets,Detroit Pistons,2,32-30,1,free throw,False,15,True,True
2006-03-26,19.3833333333,Brooklyn Nets,Detroit Pistons,2,33-30,2,free throw,False,15,True,True
2006-03-26,37.65,Brooklyn Nets,Detroit Pistons,4,61-59,0,two point jumper,False,1,False,True
2006-03-26,38.1333333333,Brooklyn Nets,Detroit Pistons,4,61-59,0,two point jumper,False,19,False,True
2006-03-26,38.8333333333,Brooklyn Nets,Detroit Pistons,4,61-61,-2,two point jumper,False,19,False,True
2006-03-27,14.3833333333,Brooklyn Nets,Phoenix Suns,2,20-26,4,two point jumper,True,20,True,False
2006-03-27,15.6333333333,Brooklyn Nets,Phoenix Suns,2,25-30,3,two point jumper,True,20,True,False
2006-03-27,35.55,Brooklyn Nets,Phoenix Suns,3,45-80,33,two point jumper,True,19,False,False
2006-03-27,38.5166666667,Brooklyn Nets,Phoenix Suns,4,48-86,36,two point jumper,True,19,False,False
2006-03-29,13.1333333333,Brooklyn Nets,Memphis Grizzlies,2,20-29,7,two point jumper,True,19,True,True
2006-03-31,15.4666666667,Brooklyn Nets,Atlanta Hawks,2,29-31,-4,two point jumper,False,19,True,True
2006-03-31,23.6,Brooklyn Nets,Atlanta Hawks,2,45-43,1,free throw,False,15,True,True
2006-03-31,23.6,Brooklyn Nets,Atlanta Hawks,2,46-43,2,free throw,False,15,True,True
2006-03-31,46.7166666667,Brooklyn Nets,Atlanta Hawks,4,66-62,2,two point jumper,False,1,False,True
2006-03-31,11.6333333333,Brooklyn Nets,Atlanta Hawks,5,70-66,2,two point jumper,False,17,False,True
2006-04-02,9.95,Brooklyn Nets,Miami Heat,1,16-12,-6,two point jumper,True,1,False,True
2006-04-02,14.3666666667,Brooklyn Nets,Miami Heat,2,23-21,-4,two point jumper,True,18,False,True
2006-04-02,15.3333333333,Brooklyn Nets,Miami Heat,2,25-24,-2,free throw,True,15,True,True
2006-04-02,15.3333333333,Brooklyn Nets,Miami Heat,2,25-25,-1,free throw,True,15,True,True
2006-04-02,19.5333333333,Brooklyn Nets,Miami Heat,2,31-35,2,two point jumper,True,1,True,True
2006-04-02,36.75,Brooklyn Nets,Miami Heat,4,60-74,12,two point jumper,True,14,False,True
2006-04-02,38.55,Brooklyn Nets,Miami Heat,4,67-74,5,two point jumper,True,1,False,True
2006-04-04,15.8166666667,Brooklyn Nets,Atlanta Hawks,2,19-31,10,two point jumper,True,1,True,True
2006-04-04,16.5666666667,Brooklyn Nets,Atlanta Hawks,2,21-33,10,layup,True,0,True,True
2006-04-04,35.0666666667,Brooklyn Nets,Atlanta Hawks,3,57-74,15,two point jumper,True,20,True,True
2006-04-04,12.6333333333,Brooklyn Nets,Atlanta Hawks,5,63-80,15,two point jumper,True,18,False,True
2006-04-04,14.7833333333,Brooklyn Nets,Atlanta Hawks,5,72-82,8,two point jumper,True,18,False,True
2006-04-08,14.3833333333,Brooklyn Nets,Cleveland Cavaliers,2,32-37,3,layup,True,0,True,False
2006-04-08,39.5666666667,Brooklyn Nets,Cleveland Cavaliers,4,76-84,6,layup,True,0,True,False
2006-04-09,11.3166666667,Brooklyn Nets,Milwaukee Bucks,1,27-12,14,free throw,False,15,False,True
2006-04-09,11.3166666667,Brooklyn Nets,Milwaukee Bucks,1,27-12,14,free throw,False,15,False,True
2006-04-09,11.9833333333,Brooklyn Nets,Milwaukee Bucks,1,31-12,17,two point jumper,False,15,True,True
2006-04-09,13.8,Brooklyn Nets,Milwaukee Bucks,2,35-14,19,two point jumper,False,20,True,True
2006-04-09,38.3833333333,Brooklyn Nets,Milwaukee Bucks,4,80-64,14,two point jumper,False,16,True,True
2006-04-09,39.0166666667,Brooklyn Nets,Milwaukee Bucks,4,81-66,14,free throw,False,15,True,True
2006-04-09,39.0166666667,Brooklyn Nets,Milwaukee Bucks,4,82-66,15,free throw,False,15,True,True
2006-04-11,10.6666666667,Brooklyn Nets,Chicago Bulls,1,20-20,-2,two point jumper,False,22,False,False
2006-04-11,39.0666666667,Brooklyn Nets,Chicago Bulls,4,73-71,0,two point jumper,False,18,True,False
2006-04-11,40.7,Brooklyn Nets,Chicago Bulls,4,76-74,1,free throw,False,15,True,False
2006-04-11,40.7,Brooklyn Nets,Chicago Bulls,4,76-74,1,free throw,False,15,False,False
2006-04-12,10.4666666667,Brooklyn Nets,Philadelphia 76ers,1,27-18,-11,two point jumper,True,1,False,True
2006-04-12,12.3166666667,Brooklyn Nets,Philadelphia 76ers,2,33-21,-14,two point jumper,True,16,False,True
2006-04-12,14.3833333333,Brooklyn Nets,Philadelphia 76ers,2,37-23,-16,layup,True,0,True,True
2006-04-12,21.9833333333,Brooklyn Nets,Philadelphia 76ers,2,56-42,-16,layup,True,0,True,True
2006-04-12,23.8166666667,Brooklyn Nets,Philadelphia 76ers,2,65-46,-21,two point jumper,True,19,True,True
2006-04-12,42.7833333333,Brooklyn Nets,Philadelphia 76ers,4,110-84,-28,layup,True,0,True,True
2006-04-12,42.7833333333,Brooklyn Nets,Philadelphia 76ers,4,110-85,-26,free throw,True,15,True,True
2006-04-19,6.88333333333,Brooklyn Nets,New York Knicks,1,10-18,6,layup,True,0,True,False
2006-04-19,21.7666666667,Brooklyn Nets,New York Knicks,2,38-37,-3,two point jumper,True,20,True,False
2006-04-19,26.6333333333,Brooklyn Nets,New York Knicks,3,48-41,-9,two point jumper,True,1,False,False
2006-04-19,29.2166666667,Brooklyn Nets,New York Knicks,3,54-43,-13,two point jumper,True,13,False,False
2006-04-19,38.5833333333,Brooklyn Nets,New York Knicks,4,72-63,-10,free throw,True,15,True,False
2006-04-19,38.5833333333,Brooklyn Nets,New York Knicks,4,72-64,-9,free throw,True,15,True,False
2006-04-19,41.8833333333,Brooklyn Nets,New York Knicks,4,75-67,-11,three point jumper,True,25,True,False
2006-04-19,43.8166666667,Brooklyn Nets,New York Knicks,4,79-73,-8,layup,True,0,True,False
2006-04-19,44.3333333333,Brooklyn Nets,New York Knicks,4,80-75,-7,two point shot,True,1,True,False
2006-04-19,44.9166666667,Brooklyn Nets,New York Knicks,4,82-76,-7,free throw,True,15,True,False
2006-04-19,44.9166666667,Brooklyn Nets,New York Knicks,4,82-77,-6,free throw,True,15,True,False
2006-04-19,45.4333333333,Brooklyn Nets,New York Knicks,4,85-77,-10,two point jumper,True,20,False,False
2007-02-13,35.9666666667,San Antonio Spurs,Brooklyn Nets,3,79-60,17,two point jumper,False,14,False,False
2007-02-13,38.05,San Antonio Spurs,Brooklyn Nets,4,87-62,23,two point jumper,False,17,True,False
2007-02-13,46.7666666667,San Antonio Spurs,Brooklyn Nets,4,102-82,18,two point jumper,False,1,True,False
2007-03-10,10.4833333333,San Antonio Spurs,Brooklyn Nets,1,13-18,3,two point jumper,True,21,False,True
2007-03-10,35.4666666667,San Antonio Spurs,Brooklyn Nets,3,50-62,10,two point jumper,True,18,True,True
2007-11-11,46.55,San Antonio Spurs,New York Knicks,4,86-100,13,free throw,True,15,True,False
2007-11-11,46.55,San Antonio Spurs,New York Knicks,4,86-100,13,free throw,True,15,False,False
2007-11-11,47.2,San Antonio Spurs,New York Knicks,4,88-100,10,two point jumper,True,16,False,False
2007-01-21,46.6,San Antonio Spurs,Philadelphia 76ers,4,97-81,14,two point jumper,False,22,True,True
2007-02-26,13.7666666667,San Antonio Spurs,Toronto Raptors,2,26-30,2,two point jumper,True,20,False,False
2007-02-26,41.0666666667,San Antonio Spurs,Toronto Raptors,4,78-98,18,two point jumper,True,1,True,False
2007-02-26,46.9833333333,San Antonio Spurs,Toronto Raptors,4,90-106,15,free throw,True,15,True,False
2007-02-26,46.9833333333,San Antonio Spurs,Toronto Raptors,4,90-107,16,free throw,True,15,True,False
2007-03-26,15.5,San Antonio Spurs,Golden State Warriors,2,47-36,9,two point jumper,False,20,True,False
2007-03-26,40.1666666667,San Antonio Spurs,Golden State Warriors,4,112-74,36,two point jumper,False,21,False,False
2007-03-26,40.45,San Antonio Spurs,Golden State Warriors,4,113-74,38,free throw,False,15,True,False
2007-03-26,40.45,San Antonio Spurs,Golden State Warriors,4,114-74,39,free throw,False,15,True,False
2007-04-07,12.3833333333,San Antonio Spurs,Golden State Warriors,2,31-40,7,layup,True,0,False,False
2007-04-07,14.8166666667,San Antonio Spurs,Golden State Warriors,2,38-42,2,two point jumper,True,22,True,False
2007-04-07,35.9666666667,San Antonio Spurs,Golden State Warriors,3,77-88,9,two point jumper,True,18,False,False
2007-04-07,37.0833333333,San Antonio Spurs,Golden State Warriors,4,77-90,11,two point jumper,True,19,True,False
2007-04-07,40.2,San Antonio Spurs,Golden State Warriors,4,84-94,8,two point jumper,True,17,True,False
2007-12-08,42.9833333333,San Antonio Spurs,Los Angeles Clippers,4,70-107,35,two point jumper,True,19,True,False
2007-12-08,46.9166666667,San Antonio Spurs,Los Angeles Clippers,4,77-111,32,two point jumper,True,1,False,False
2007-03-05,3.0,San Antonio Spurs,Los Angeles Clippers,1,4-0,2,two point jumper,False,18,False,True
2007-03-05,4.41666666667,San Antonio Spurs,Los Angeles Clippers,1,6-2,2,two point jumper,False,19,True,True
2007-03-05,5.1,San Antonio Spurs,Los Angeles Clippers,1,8-2,4,layup,False,0,True,True
2007-03-05,17.25,San Antonio Spurs,Los Angeles Clippers,2,30-27,2,free throw,False,15,True,True
2007-03-05,17.25,San Antonio Spurs,Los Angeles Clippers,2,31-27,3,free throw,False,15,True,True
2007-03-05,18.6666666667,San Antonio Spurs,Los Angeles Clippers,2,33-27,4,two point jumper,False,19,False,True
2007-03-05,20.5166666667,San Antonio Spurs,Los Angeles Clippers,2,37-31,4,two point jumper,False,16,True,True
2007-03-05,25.75,San Antonio Spurs,Los Angeles Clippers,3,44-38,4,two point jumper,False,17,False,True
2007-03-05,27.5666666667,San Antonio Spurs,Los Angeles Clippers,3,44-40,2,two point jumper,False,1,False,True
2007-03-05,31.9166666667,San Antonio Spurs,Los Angeles Clippers,3,58-40,16,two point jumper,False,17,True,True
2007-03-13,11.4833333333,San Antonio Spurs,Los Angeles Clippers,1,20-21,-1,two point jumper,True,16,False,True
2007-03-13,12.5833333333,San Antonio Spurs,Los Angeles Clippers,2,22-23,-1,two point jumper,True,16,True,True
2007-03-13,26.6833333333,San Antonio Spurs,Los Angeles Clippers,3,46-55,7,two point jumper,True,17,True,True
2007-03-13,27.3666666667,San Antonio Spurs,Los Angeles Clippers,3,48-57,7,two point jumper,True,16,True,True
2007-01-28,34.0,San Antonio Spurs,Los Angeles Lakers,3,55-63,-10,layup,False,0,False,True
2007-01-28,35.2666666667,San Antonio Spurs,Los Angeles Lakers,3,57-67,-12,two point jumper,False,18,False,True
2007-01-28,35.9,San Antonio Spurs,Los Angeles Lakers,3,57-67,-12,layup,False,0,False,True
2007-02-01,35.4333333333,San Antonio Spurs,Phoenix Suns,3,70-72,-4,two point jumper,False,15,False,True
2007-04-05,14.5666666667,San Antonio Spurs,Phoenix Suns,2,23-23,-1,free throw,True,15,True,True
2007-04-05,14.5666666667,San Antonio Spurs,Phoenix Suns,2,23-24,0,free throw,True,15,True,True
2007-04-05,15.8833333333,San Antonio Spurs,Phoenix Suns,2,27-24,-5,two point jumper,True,9,False,True
2007-04-05,38.75,San Antonio Spurs,Phoenix Suns,4,63-74,9,two point jumper,True,19,False,True
2007-11-19,46.2833333333,San Antonio Spurs,Sacramento Kings,4,106-90,14,layup,False,0,False,False
2007-11-19,47.7166666667,San Antonio Spurs,Sacramento Kings,4,108-97,9,two point jumper,False,20,False,False
2007-03-08,10.3333333333,San Antonio Spurs,Sacramento Kings,1,20-14,4,two point jumper,False,18,True,False
2007-04-11,11.4833333333,San Antonio Spurs,Sacramento Kings,1,20-21,-1,layup,True,0,False,True
2007-04-11,11.9333333333,San Antonio Spurs,Sacramento Kings,1,22-23,-1,two point jumper,True,20,True,True
2007-04-11,14.7666666667,San Antonio Spurs,Sacramento Kings,2,23-31,6,two point jumper,True,15,True,True
2007-04-11,35.3166666667,San Antonio Spurs,Sacramento Kings,3,78-79,-1,two point jumper,True,1,True,True
2007-04-11,36.3833333333,San Antonio Spurs,Sacramento Kings,4,80-80,-1,free throw,True,15,True,True
2007-04-11,36.3833333333,San Antonio Spurs,Sacramento Kings,4,80-80,-1,free throw,True,15,False,True
2007-04-11,38.25,San Antonio Spurs,Sacramento Kings,4,84-85,-1,layup,True,0,True,True
2007-04-11,47.3833333333,San Antonio Spurs,Sacramento Kings,4,98-107,7,two point jumper,True,1,False,True
2007-04-11,47.6333333333,San Antonio Spurs,Sacramento Kings,4,100-109,7,layup,True,0,True,True
2007-11-17,47.85,San Antonio Spurs,Chicago Bulls,4,83-98,14,free throw,True,15,True,False
2007-11-17,47.85,San Antonio Spurs,Chicago Bulls,4,83-98,14,free throw,True,15,False,False
2007-02-14,12.3,San Antonio Spurs,Detroit Pistons,2,27-19,6,two point jumper,False,20,True,True
2007-02-14,12.7166666667,San Antonio Spurs,Detroit Pistons,2,29-19,8,layup,False,0,True,True
2007-02-14,12.7166666667,San Antonio Spurs,Detroit Pistons,2,30-19,10,free throw,False,15,True,True
2007-02-14,37.7666666667,San Antonio Spurs,Detroit Pistons,4,70-58,10,layup,False,0,False,True
2007-02-14,39.6166666667,San Antonio Spurs,Detroit Pistons,4,72-61,9,two point jumper,False,1,False,True
2007-03-23,13.3333333333,San Antonio Spurs,Detroit Pistons,2,18-28,8,two point jumper,True,19,False,True
2007-03-23,13.95,San Antonio Spurs,Detroit Pistons,2,20-28,6,two point jumper,True,17,False,True
2007-03-23,14.8166666667,San Antonio Spurs,Detroit Pistons,2,22-30,6,layup,True,0,False,True
2007-03-21,36.75,San Antonio Spurs,Indiana Pacers,4,50-70,18,two point jumper,True,15,False,True
2007-03-21,38.7166666667,San Antonio Spurs,Indiana Pacers,4,53-74,19,two point jumper,True,18,True,True
2007-04-01,17.2,San Antonio Spurs,Indiana Pacers,2,43-36,5,two point jumper,False,17,False,True
2007-04-01,38.5,San Antonio Spurs,Indiana Pacers,4,79-82,-5,two point jumper,False,16,True,True
2007-04-01,41.3166666667,San Antonio Spurs,Indiana Pacers,4,86-84,0,layup,False,0,True,True
2007-04-01,42.0333333333,San Antonio Spurs,Indiana Pacers,4,88-86,0,two point jumper,False,19,True,True
2007-12-26,13.0666666667,San Antonio Spurs,Milwaukee Bucks,2,33-33,-2,two point jumper,True,1,False,False
2007-12-26,13.25,San Antonio Spurs,Milwaukee Bucks,2,33-33,-1,free throw,True,15,False,False
2007-12-26,13.25,San Antonio Spurs,Milwaukee Bucks,2,33-33,-1,free throw,True,15,False,False
2007-12-26,32.7333333333,San Antonio Spurs,Milwaukee Bucks,3,73-82,7,two point jumper,True,18,False,False
2007-03-15,8.96666666667,San Antonio Spurs,Milwaukee Bucks,1,19-15,2,two point jumper,False,18,True,True
2007-03-15,13.3666666667,San Antonio Spurs,Milwaukee Bucks,2,23-26,-5,two point jumper,False,21,False,True
2007-11-24,15.3666666667,San Antonio Spurs,Dallas Mavericks,2,46-29,-19,two point jumper,True,1,False,False
2007-11-24,23.9833333333,San Antonio Spurs,Dallas Mavericks,2,59-50,-11,two point jumper,True,6,True,False
2007-11-24,35.4833333333,San Antonio Spurs,Dallas Mavericks,3,74-73,-2,free throw,True,15,True,False
2007-11-24,35.4833333333,San Antonio Spurs,Dallas Mavericks,3,74-73,-2,free throw,True,15,False,False
2007-11-24,38.4,San Antonio Spurs,Dallas Mavericks,4,74-73,-3,two point jumper,True,17,False,False
2007-04-15,14.0,San Antonio Spurs,Dallas Mavericks,2,32-26,4,two point jumper,False,21,True,False
2007-04-15,34.6166666667,San Antonio Spurs,Dallas Mavericks,3,72-68,2,layup,False,0,False,False
2007-04-15,36.3333333333,San Antonio Spurs,Dallas Mavericks,4,76-72,2,layup,False,0,False,False
2007-04-15,39.15,San Antonio Spurs,Dallas Mavericks,4,80-79,-1,two point jumper,False,20,False,False
2007-12-22,14.6166666667,San Antonio Spurs,Houston Rockets,2,36-25,-13,two point jumper,True,18,True,False
2007-01-24,37.9333333333,San Antonio Spurs,Houston Rockets,4,63-58,-7,two point jumper,True,19,False,False
2007-03-03,3.71666666667,San Antonio Spurs,Houston Rockets,1,12-5,5,layup,False,0,True,True
2007-03-03,21.6666666667,San Antonio Spurs,Houston Rockets,2,50-34,14,two point jumper,False,18,False,True
2007-03-03,22.35,San Antonio Spurs,Houston Rockets,2,52-36,14,two point shot,False,10,True,True
2007-03-03,24.8,San Antonio Spurs,Houston Rockets,3,58-44,12,two point jumper,False,22,True,True
2007-03-03,28.45,San Antonio Spurs,Houston Rockets,3,69-49,18,two point jumper,False,22,True,True
2007-12-20,8.7,San Antonio Spurs,Memphis Grizzlies,1,16-20,2,two point jumper,True,19,False,False
2007-12-20,24.0,San Antonio Spurs,Memphis Grizzlies,2,46-62,14,two point jumper,True,19,True,False
2007-12-20,39.55,San Antonio Spurs,Memphis Grizzlies,4,83-87,1,three point jumper,True,23,False,False
2007-01-07,10.1833333333,San Antonio Spurs,Memphis Grizzlies,1,24-21,1,two point jumper,False,17,True,False
2007-01-07,11.3666666667,San Antonio Spurs,Memphis Grizzlies,1,26-21,3,two point jumper,False,9,True,False
2007-01-07,11.7,San Antonio Spurs,Memphis Grizzlies,1,27-21,5,free throw,False,15,True,False
2007-01-07,11.7,San Antonio Spurs,Memphis Grizzlies,1,28-21,6,free throw,False,15,True,False
2007-01-07,24.0,San Antonio Spurs,Memphis Grizzlies,2,57-45,10,two point jumper,False,6,False,False
2007-01-07,27.5666666667,San Antonio Spurs,Memphis Grizzlies,3,65-54,10,free throw,False,15,False,False
2007-01-07,27.5666666667,San Antonio Spurs,Memphis Grizzlies,3,66-54,11,free throw,False,15,True,False
2007-01-07,42.7,San Antonio Spurs,Memphis Grizzlies,4,96-86,8,two point jumper,False,1,False,False
2007-04-16,0.766666666667,San Antonio Spurs,Memphis Grizzlies,1,0-2,-4,two point jumper,False,20,False,True
2007-04-16,1.83333333333,San Antonio Spurs,Memphis Grizzlies,1,2-2,-2,layup,False,0,False,True
2007-04-16,5.06666666667,San Antonio Spurs,Memphis Grizzlies,1,6-11,-7,two point jumper,False,1,True,True
2007-04-16,5.78333333333,San Antonio Spurs,Memphis Grizzlies,1,6-11,-7,layup,False,0,False,True
2007-04-16,21.7333333333,San Antonio Spurs,Memphis Grizzlies,2,35-50,-17,two point jumper,False,8,False,True
2007-04-16,23.5166666667,San Antonio Spurs,Memphis Grizzlies,2,39-53,-16,two point jumper,False,8,False,True
2007-04-16,39.5666666667,San Antonio Spurs,Memphis Grizzlies,4,71-89,-19,free throw,False,15,True,True
2007-04-16,39.5666666667,San Antonio Spurs,Memphis Grizzlies,4,72-89,-18,free throw,False,15,True,True
2007-04-16,41.3833333333,San Antonio Spurs,Memphis Grizzlies,4,77-89,-14,layup,False,0,False,True
2007-12-14,47.7,San Antonio Spurs,New Orleans Pelicans,4,103-77,24,two point jumper,False,21,False,False
2007-12-23,12.95,San Antonio Spurs,New Orleans Pelicans,2,30-23,5,two point jumper,False,19,False,False
2007-12-23,14.8166666667,San Antonio Spurs,New Orleans Pelicans,2,31-28,2,free throw,False,15,True,False
2007-12-23,14.8166666667,San Antonio Spurs,New Orleans Pelicans,2,32-28,3,free throw,False,15,True,False
2007-12-23,39.5666666667,San Antonio Spurs,New Orleans Pelicans,4,99-70,27,layup,False,0,True,False
2007-12-23,46.3333333333,San Antonio Spurs,New Orleans Pelicans,4,109-77,30,two point jumper,False,14,False,False
2007-03-28,9.35,San Antonio Spurs,New Orleans Pelicans,1,13-14,-1,two point jumper,True,19,False,True
2007-03-28,14.5,San Antonio Spurs,New Orleans Pelicans,2,23-22,-3,two point jumper,True,19,True,True
2007-03-28,36.0,San Antonio Spurs,New Orleans Pelicans,3,75-66,-11,two point jumper,True,1,False,True
2007-03-28,38.55,San Antonio Spurs,New Orleans Pelicans,4,77-71,-8,two point jumper,True,19,True,True
2007-03-28,43.9166666667,San Antonio Spurs,New Orleans Pelicans,4,81-84,1,two point jumper,True,17,False,True
2007-03-28,47.9833333333,San Antonio Spurs,New Orleans Pelicans,4,88-91,2,free throw,True,15,True,True
2007-03-28,47.9833333333,San Antonio Spurs,New Orleans Pelicans,4,88-92,3,free throw,True,15,True,True
2007-12-13,45.6833333333,San Antonio Spurs,Minnesota Timberwolves,4,78-90,11,free throw,True,15,True,True
2007-12-13,45.6833333333,San Antonio Spurs,Minnesota Timberwolves,4,78-90,11,free throw,True,15,False,True
2007-12-13,46.35,San Antonio Spurs,Minnesota Timberwolves,4,78-90,10,two point jumper,True,18,False,True
2007-12-13,47.2166666667,San Antonio Spurs,Minnesota Timberwolves,4,82-94,11,free throw,True,15,True,True
2007-12-13,47.2166666667,San Antonio Spurs,Minnesota Timberwolves,4,82-95,12,free throw,True,15,True,True
2007-12-28,10.1166666667,San Antonio Spurs,Utah Jazz,1,18-22,2,two point shot,True,1,False,False
2007-12-28,33.5333333333,San Antonio Spurs,Utah Jazz,3,58-81,22,free throw,True,15,True,False
2007-12-28,33.5333333333,San Antonio Spurs,Utah Jazz,3,58-82,23,free throw,True,15,True,False
2007-12-28,35.3166666667,San Antonio Spurs,Utah Jazz,3,60-86,24,layup,True,0,True,False
2007-12-28,35.3166666667,San Antonio Spurs,Utah Jazz,3,60-87,26,free throw,True,15,True,False
2007-12-28,36.25,San Antonio Spurs,Utah Jazz,4,60-89,27,layup,True,0,True,False
2007-12-31,11.9833333333,San Antonio Spurs,Atlanta Hawks,1,23-20,-5,two point shot,True,1,False,True
2007-12-31,14.6333333333,San Antonio Spurs,Atlanta Hawks,2,29-24,-7,two point shot,True,11,False,True
2007-12-31,15.1333333333,San Antonio Spurs,Atlanta Hawks,2,31-24,-9,two point jumper,True,18,False,True
2007-12-31,47.9666666667,San Antonio Spurs,Atlanta Hawks,4,81-95,12,two point jumper,True,15,True,True
2007-01-13,46.7333333333,San Antonio Spurs,Washington Wizards,4,74-93,17,layup,True,0,True,True
2007-02-07,12.55,San Antonio Spurs,Washington Wizards,2,34-16,17,free throw,False,15,True,False
2007-02-07,12.55,San Antonio Spurs,Washington Wizards,2,35-16,18,free throw,False,15,True,False
2007-02-07,14.1166666667,San Antonio Spurs,Washington Wizards,2,40-20,18,layup,False,0,False,False
2007-02-07,14.2,San Antonio Spurs,Washington Wizards,2,42-20,20,two point jumper,False,19,True,False
2007-02-07,35.6,San Antonio Spurs,Washington Wizards,3,82-70,11,free throw,False,15,True,False
2007-02-07,35.6,San Antonio Spurs,Washington Wizards,3,82-70,11,free throw,False,15,False,False
2007-02-07,35.9333333333,San Antonio Spurs,Washington Wizards,3,83-70,12,free throw,False,15,True,False
2007-02-07,35.9333333333,San Antonio Spurs,Washington Wizards,3,84-70,13,free throw,False,15,True,False
2007-02-07,45.4833333333,San Antonio Spurs,Washington Wizards,4,105-81,22,two point jumper,False,1,False,False
2007-02-09,13.0833333333,San Antonio Spurs,Orlando Magic,2,33-20,11,layup,False,0,True,False
2007-02-09,32.7833333333,San Antonio Spurs,Orlando Magic,3,74-69,3,two point jumper,False,18,False,False
2007-02-09,36.7,San Antonio Spurs,Orlando Magic,4,84-80,2,two point jumper,False,19,True,False
2007-02-11,11.0,San Antonio Spurs,Miami Heat,1,18-18,-2,two point jumper,False,18,False,True
2007-02-11,11.95,San Antonio Spurs,Miami Heat,1,22-22,-2,layup,False,0,True,True
2007-02-11,11.95,San Antonio Spurs,Miami Heat,1,22-22,-1,free throw,False,15,False,True
2007-02-20,10.1166666667,San Antonio Spurs,Denver Nuggets,1,17-18,-1,layup,True,0,True,True
2007-02-20,34.4833333333,San Antonio Spurs,Denver Nuggets,3,46-72,24,two point jumper,True,19,False,True
2007-02-20,35.35,San Antonio Spurs,Denver Nuggets,3,48-77,28,free throw,True,15,True,True
2007-02-20,35.35,San Antonio Spurs,Denver Nuggets,3,48-77,28,free throw,True,15,False,True
2007-02-20,35.9833333333,San Antonio Spurs,Denver Nuggets,3,48-79,29,two point jumper,True,15,True,True
2007-02-21,7.48333333333,San Antonio Spurs,Atlanta Hawks,1,12-9,1,two point jumper,False,19,False,False
2007-02-21,27.7666666667,San Antonio Spurs,Atlanta Hawks,3,60-46,12,two point jumper,False,19,True,False
2007-02-21,37.2,San Antonio Spurs,Atlanta Hawks,4,70-70,-2,layup,False,0,False,False
2007-02-24,8.98333333333,San Antonio Spurs,Oklahoma City Thunder,1,13-21,6,two point jumper,True,14,False,False
2007-02-24,11.9333333333,San Antonio Spurs,Oklahoma City Thunder,1,20-27,5,two point jumper,True,18,False,False
2007-02-24,38.5666666667,San Antonio Spurs,Oklahoma City Thunder,4,53-82,27,two point jumper,True,18,True,False
2007-02-24,45.2166666667,San Antonio Spurs,Oklahoma City Thunder,4,67-95,26,two point jumper,True,16,False,False
2007-02-24,47.6333333333,San Antonio Spurs,Oklahoma City Thunder,4,71-102,29,two point jumper,True,19,False,False
2007-03-02,12.9666666667,San Antonio Spurs,Orlando Magic,2,16-24,6,two point jumper,True,17,False,True
2007-03-02,37.75,San Antonio Spurs,Orlando Magic,4,59-71,11,free throw,True,15,True,True
2007-03-02,37.75,San Antonio Spurs,Orlando Magic,4,59-72,12,free throw,True,15,True,True
2007-03-02,40.5,San Antonio Spurs,Orlando Magic,4,62-82,18,two point jumper,True,18,True,True
2007-03-02,45.15,San Antonio Spurs,Orlando Magic,4,70-92,21,free throw,True,15,True,True
2007-03-02,45.15,San Antonio Spurs,Orlando Magic,4,70-93,22,free throw,True,15,True,True
2007-03-06,13.7166666667,San Antonio Spurs,Portland Trail Blazers,2,24-32,-10,two point jumper,False,17,False,True
2007-03-06,14.45,San Antonio Spurs,Portland Trail Blazers,2,24-34,-12,layup,False,0,False,True
2007-03-06,28.9833333333,San Antonio Spurs,Portland Trail Blazers,3,55-65,-12,two point jumper,False,17,False,True
2007-03-06,36.7,San Antonio Spurs,Portland Trail Blazers,4,65-74,-11,layup,False,0,False,True
2007-03-06,42.85,San Antonio Spurs,Portland Trail Blazers,4,78-86,-10,layup,False,0,False,True
2007-03-30,16.3833333333,San Antonio Spurs,Utah Jazz,2,33-34,-1,two point jumper,True,16,False,False
2007-03-30,17.0333333333,San Antonio Spurs,Utah Jazz,2,33-35,1,free throw,True,15,True,False
2007-03-30,17.0333333333,San Antonio Spurs,Utah Jazz,2,33-36,2,free throw,True,15,True,False
2007-03-30,38.0666666667,San Antonio Spurs,Utah Jazz,4,70-83,11,two point jumper,True,19,True,False
2007-03-30,46.15,San Antonio Spurs,Utah Jazz,4,84-100,14,two point jumper,True,19,True,False
2007-03-30,47.2833333333,San Antonio Spurs,Utah Jazz,4,88-102,12,layup,True,0,False,False
2007-04-03,11.9666666667,San Antonio Spurs,Oklahoma City Thunder,1,22-33,9,two point jumper,True,15,True,False
2007-04-03,17.2833333333,San Antonio Spurs,Oklahoma City Thunder,2,37-44,6,free throw,True,15,False,False
2007-04-03,17.2833333333,San Antonio Spurs,Oklahoma City Thunder,2,37-45,7,free throw,True,15,True,False
2007-04-09,15.1333333333,San Antonio Spurs,Portland Trail Blazers,2,27-38,10,free throw,True,15,True,False
2007-04-09,15.1333333333,San Antonio Spurs,Portland Trail Blazers,2,27-39,11,free throw,True,15,True,False
2007-04-09,40.3833333333,San Antonio Spurs,Portland Trail Blazers,4,81-93,10,layup,True,0,False,False
2007-04-09,44.4833333333,San Antonio Spurs,Portland Trail Blazers,4,86-104,16,two point jumper,True,16,True,False
2007-04-09,46.2833333333,San Antonio Spurs,Portland Trail Blazers,4,88-107,18,free throw,True,15,True,False
2007-04-09,46.2833333333,San Antonio Spurs,Portland Trail Blazers,4,88-108,19,free throw,True,15,True,False
2007-04-13,5.63333333333,San Antonio Spurs,Minnesota Timberwolves,1,8-9,-3,two point jumper,False,21,False,False
2007-04-13,6.31666666667,San Antonio Spurs,Minnesota Timberwolves,1,11-11,-2,tip shot,False,0,True,False
2007-04-13,6.81666666667,San Antonio Spurs,Minnesota Timberwolves,1,13-11,0,layup,False,0,True,False
2007-04-13,10.1666666667,San Antonio Spurs,Minnesota Timberwolves,1,22-18,3,free throw,False,15,True,False
2007-04-13,10.1666666667,San Antonio Spurs,Minnesota Timberwolves,1,23-18,4,free throw,False,15,True,False
2007-04-13,31.2,San Antonio Spurs,Minnesota Timberwolves,3,73-54,17,layup,False,0,True,False
2007-04-13,32.2166666667,San Antonio Spurs,Minnesota Timberwolves,3,75-56,17,two point jumper,False,20,False,False
2007-04-13,42.5666666667,San Antonio Spurs,Minnesota Timberwolves,4,98-79,18,free throw,False,15,True,False
2007-04-13,42.5666666667,San Antonio Spurs,Minnesota Timberwolves,4,98-79,18,free throw,False,15,False,False
2007-04-18,1.56666666667,San Antonio Spurs,Denver Nuggets,1,3-6,1,layup,True,0,True,True
2007-04-18,19.7,San Antonio Spurs,Denver Nuggets,2,39-33,-7,free throw,True,15,True,True
2007-04-18,19.7,San Antonio Spurs,Denver Nuggets,2,39-33,-7,free throw,True,15,False,True
2007-04-18,28.1666666667,San Antonio Spurs,Denver Nuggets,3,54-48,-8,layup,True,0,False,True
2008-02-10,2.45,San Antonio Spurs,Boston Celtics,1,5-2,1,layup,False,0,False,False
2008-02-10,5.66666666667,San Antonio Spurs,Boston Celtics,1,12-15,-4,free throw,False,15,True,False
2008-02-10,5.66666666667,San Antonio Spurs,Boston Celtics,1,12-15,-4,free throw,False,15,False,False
2008-02-10,5.78333333333,San Antonio Spurs,Boston Celtics,1,14-15,-3,two point jumper,False,23,True,False
2008-02-10,17.2,San Antonio Spurs,Boston Celtics,2,38-32,4,two point jumper,False,19,True,False
2008-02-10,17.7833333333,San Antonio Spurs,Boston Celtics,2,38-32,5,free throw,False,15,False,False
2008-02-10,17.7833333333,San Antonio Spurs,Boston Celtics,2,39-32,6,free throw,False,15,True,False
2008-02-10,25.0666666667,San Antonio Spurs,Boston Celtics,3,41-45,-6,layup,False,0,False,False
2008-02-10,25.6333333333,San Antonio Spurs,Boston Celtics,3,43-45,-4,two point jumper,False,21,False,False
2008-02-10,29.4166666667,San Antonio Spurs,Boston Celtics,3,48-55,-9,two point jumper,False,7,False,False
2008-02-10,29.8166666667,San Antonio Spurs,Boston Celtics,3,49-55,-7,free throw,False,15,True,False
2008-02-10,29.8166666667,San Antonio Spurs,Boston Celtics,3,50-55,-6,free throw,False,15,True,False
2008-03-17,9.06666666667,San Antonio Spurs,Boston Celtics,1,8-21,11,two point jumper,True,1,True,False
2008-03-17,17.1,San Antonio Spurs,Boston Celtics,2,21-37,14,two point jumper,True,15,False,False
2008-03-17,17.8833333333,San Antonio Spurs,Boston Celtics,2,23-39,14,layup,True,0,False,False
2008-03-17,37.3,San Antonio Spurs,Boston Celtics,4,70-72,0,two point shot,True,1,True,False
2008-03-02,33.9166666667,San Antonio Spurs,Brooklyn Nets,3,65-57,6,two point shot,False,1,True,True
2008-03-02,38.3833333333,San Antonio Spurs,Brooklyn Nets,4,76-66,8,layup,False,0,True,True
2008-03-02,39.0666666667,San Antonio Spurs,Brooklyn Nets,4,76-66,8,two point jumper,False,16,False,True
2008-03-04,17.8166666667,San Antonio Spurs,Brooklyn Nets,2,33-30,-4,free throw,True,15,True,True
2008-03-04,17.8166666667,San Antonio Spurs,Brooklyn Nets,2,33-31,-3,free throw,True,15,True,True
2008-03-04,19.8166666667,San Antonio Spurs,Brooklyn Nets,2,33-33,-2,two point jumper,True,19,False,True
2008-03-04,20.9833333333,San Antonio Spurs,Brooklyn Nets,2,37-37,-2,two point jumper,True,15,True,True
2008-03-04,22.9833333333,San Antonio Spurs,Brooklyn Nets,2,37-42,3,two point jumper,True,18,False,True
2008-03-04,45.2166666667,San Antonio Spurs,Brooklyn Nets,4,60-76,15,free throw,True,15,True,True
2008-03-04,45.2166666667,San Antonio Spurs,Brooklyn Nets,4,60-77,16,free throw,True,15,True,True
2008-03-04,46.6333333333,San Antonio Spurs,Brooklyn Nets,4,67-79,10,two point jumper,True,17,False,True
2008-01-04,8.46666666667,San Antonio Spurs,New York Knicks,1,14-15,-1,two point jumper,True,20,False,True
2008-01-04,9.73333333333,San Antonio Spurs,New York Knicks,1,17-21,2,two point jumper,True,18,True,True
2008-01-04,11.1666666667,San Antonio Spurs,New York Knicks,1,22-23,-1,layup,True,0,True,True
2008-01-04,11.1666666667,San Antonio Spurs,New York Knicks,1,22-24,1,free throw,True,15,True,True
2008-01-04,12.6833333333,San Antonio Spurs,New York Knicks,2,24-27,1,layup,True,0,False,True
2008-01-04,36.5666666667,San Antonio Spurs,New York Knicks,4,71-79,6,two point jumper,True,18,False,True
2008-02-08,6.13333333333,San Antonio Spurs,New York Knicks,1,5-8,-5,layup,False,0,False,True
2008-02-08,7.81666666667,San Antonio Spurs,New York Knicks,1,11-10,-1,layup,False,0,True,True
2008-02-08,9.06666666667,San Antonio Spurs,New York Knicks,1,15-11,2,layup,False,0,True,True
2008-02-08,12.6833333333,San Antonio Spurs,New York Knicks,2,18-20,-4,two point jumper,False,19,False,True
2008-02-08,31.2,San Antonio Spurs,New York Knicks,3,47-52,-6,free throw,False,15,False,True
2008-02-08,31.2,San Antonio Spurs,New York Knicks,3,48-52,-5,free throw,False,15,True,True
2008-02-08,42.45,San Antonio Spurs,New York Knicks,4,71-77,-8,two point jumper,False,16,False,True
2008-01-14,12.0,San Antonio Spurs,Philadelphia 76ers,1,24-27,1,two point jumper,True,16,False,True
2008-01-14,12.3833333333,San Antonio Spurs,Philadelphia 76ers,2,24-29,3,two point jumper,True,19,True,True
2008-01-14,32.65,San Antonio Spurs,Philadelphia 76ers,3,63-60,-5,two point jumper,True,15,False,True
2008-01-14,33.9833333333,San Antonio Spurs,Philadelphia 76ers,3,63-60,-5,two point jumper,True,19,False,True
2008-03-15,18.45,San Antonio Spurs,Philadelphia 76ers,2,33-42,-11,two point jumper,False,10,False,True
2008-03-15,20.45,San Antonio Spurs,Philadelphia 76ers,2,37-46,-11,two point jumper,False,9,False,True
2008-03-15,34.3666666667,San Antonio Spurs,Philadelphia 76ers,3,67-75,-11,three point jumper,False,23,False,True
2008-03-15,35.5333333333,San Antonio Spurs,Philadelphia 76ers,3,71-80,-11,two point shot,False,1,True,True
2008-12-28,12.6333333333,San Antonio Spurs,Toronto Raptors,2,21-16,-7,two point jumper,True,17,False,False
2008-02-11,1.06666666667,San Antonio Spurs,Toronto Raptors,1,2-0,0,layup,False,0,False,True
2008-02-11,15.8333333333,San Antonio Spurs,Toronto Raptors,2,32-26,4,two point jumper,False,21,False,True
2008-02-11,16.3833333333,San Antonio Spurs,Toronto Raptors,2,34-27,5,two point shot,False,1,True,True
2008-02-11,17.7833333333,San Antonio Spurs,Toronto Raptors,2,39-27,10,layup,False,0,True,True
2008-02-11,19.1,San Antonio Spurs,Toronto Raptors,2,41-32,6,three point jumper,False,23,False,True
2008-02-11,28.1,San Antonio Spurs,Toronto Raptors,3,57-46,9,two point jumper,False,19,False,True
2008-02-11,41.3833333333,San Antonio Spurs,Toronto Raptors,4,82-72,7,three point jumper,False,23,True,True
2008-02-11,44.1666666667,San Antonio Spurs,Toronto Raptors,4,87-82,3,two point jumper,False,22,False,True
2008-12-11,23.9,San Antonio Spurs,Golden State Warriors,2,36-53,-18,free throw,False,15,True,False
2008-12-11,23.9,San Antonio Spurs,Golden State Warriors,2,37-53,-17,free throw,False,15,True,False
2008-12-11,33.1666666667,San Antonio Spurs,Golden State Warriors,3,54-73,-21,two point jumper,False,20,True,False
2008-12-11,33.7333333333,San Antonio Spurs,Golden State Warriors,3,56-75,-21,two point jumper,False,6,True,False
2008-12-11,34.1,San Antonio Spurs,Golden State Warriors,3,57-77,-21,free throw,False,15,True,False
2008-12-11,34.1,San Antonio Spurs,Golden State Warriors,3,57-77,-21,free throw,False,15,False,False
2008-12-11,45.1166666667,San Antonio Spurs,Golden State Warriors,4,78-89,-13,two point jumper,False,22,False,False
2008-01-07,11.0833333333,San Antonio Spurs,Golden State Warriors,1,19-17,0,two point jumper,False,3,False,False
2008-01-07,11.1666666667,San Antonio Spurs,Golden State Warriors,1,19-17,0,two point jumper,False,14,False,False
2008-01-07,13.8166666667,San Antonio Spurs,Golden State Warriors,2,21-19,0,two point jumper,False,19,False,False
2008-04-01,38.1333333333,San Antonio Spurs,Golden State Warriors,4,73-92,16,three point jumper,True,23,True,False
2008-12-22,10.8666666667,San Antonio Spurs,Los Angeles Clippers,1,13-23,9,free throw,True,15,True,True
2008-12-22,10.8666666667,San Antonio Spurs,Los Angeles Clippers,1,13-24,10,free throw,True,15,True,True
2008-12-22,13.3833333333,San Antonio Spurs,Los Angeles Clippers,2,18-29,9,layup,True,0,True,True
2008-12-22,15.8166666667,San Antonio Spurs,Los Angeles Clippers,2,23-36,11,layup,True,0,True,True
2008-12-22,32.3,San Antonio Spurs,Los Angeles Clippers,3,55-73,16,two point jumper,True,22,False,True
2008-12-22,35.9833333333,San Antonio Spurs,Los Angeles Clippers,3,63-77,11,three point jumper,True,35,False,True
2008-01-06,11.9666666667,San Antonio Spurs,Los Angeles Clippers,1,21-24,-4,free throw,False,15,True,True
2008-01-06,11.9666666667,San Antonio Spurs,Los Angeles Clippers,1,21-24,-4,free throw,False,15,False,True
2008-01-06,35.0333333333,San Antonio Spurs,Los Angeles Clippers,3,60-60,-2,two point jumper,False,16,False,True
2008-01-06,39.0166666667,San Antonio Spurs,Los Angeles Clippers,4,70-68,0,layup,False,0,True,True
2008-12-13,3.88333333333,San Antonio Spurs,Los Angeles Lakers,1,5-2,1,two point jumper,False,1,False,True
2008-12-13,8.21666666667,San Antonio Spurs,Los Angeles Lakers,1,9-8,-1,two point jumper,False,8,False,True
2008-12-13,16.1333333333,San Antonio Spurs,Los Angeles Lakers,2,23-29,-8,two point jumper,False,18,False,True
2008-12-13,17.0333333333,San Antonio Spurs,Los Angeles Lakers,2,28-31,-5,layup,False,0,True,True
2008-12-13,17.9833333333,San Antonio Spurs,Los Angeles Lakers,2,29-33,-5,free throw,False,15,True,True
2008-12-13,17.9833333333,San Antonio Spurs,Los Angeles Lakers,2,29-33,-5,free throw,False,15,False,True
2008-12-13,19.25,San Antonio Spurs,Los Angeles Lakers,2,30-35,-6,free throw,False,15,True,True
2008-12-13,19.25,San Antonio Spurs,Los Angeles Lakers,2,31-35,-5,free throw,False,15,True,True
2008-12-13,19.95,San Antonio Spurs,Los Angeles Lakers,2,32-37,-6,free throw,False,15,True,True
2008-12-13,19.95,San Antonio Spurs,Los Angeles Lakers,2,33-37,-5,free throw,False,15,True,True
2008-12-13,20.3166666667,San Antonio Spurs,Los Angeles Lakers,2,33-39,-8,two point jumper,False,17,False,True
2008-12-13,27.3833333333,San Antonio Spurs,Los Angeles Lakers,3,52-55,-5,two point jumper,False,1,False,True
2008-01-23,12.7666666667,San Antonio Spurs,Los Angeles Lakers,2,27-23,-6,two point shot,True,16,False,False
2008-01-23,13.3833333333,San Antonio Spurs,Los Angeles Lakers,2,27-25,-4,two point jumper,True,21,True,False
2008-01-23,13.8166666667,San Antonio Spurs,Los Angeles Lakers,2,30-27,-5,layup,True,0,True,False
2008-01-23,39.5166666667,San Antonio Spurs,Los Angeles Lakers,4,72-83,9,two point jumper,True,16,True,False
2008-04-13,14.8166666667,San Antonio Spurs,Los Angeles Lakers,2,30-29,-1,two point jumper,False,21,True,True
2008-04-13,37.55,San Antonio Spurs,Los Angeles Lakers,4,67-81,-16,layup,False,0,False,True
2008-04-13,44.7833333333,San Antonio Spurs,Los Angeles Lakers,4,76-98,-24,two point jumper,False,21,True,True
2008-04-13,45.6,San Antonio Spurs,Los Angeles Lakers,4,78-98,-22,two point jumper,False,18,True,True
2008-04-13,46.65,San Antonio Spurs,Los Angeles Lakers,4,82-101,-21,two point shot,False,1,True,True
2008-12-17,1.5,San Antonio Spurs,Phoenix Suns,1,4-6,0,two point jumper,True,1,True,True
2008-12-17,3.25,San Antonio Spurs,Phoenix Suns,1,6-10,2,two point jumper,True,19,True,True
2008-12-17,3.95,San Antonio Spurs,Phoenix Suns,1,9-12,1,two point jumper,True,20,False,True
2008-12-17,7.73333333333,San Antonio Spurs,Phoenix Suns,1,17-18,-1,layup,True,0,True,True
2008-12-17,25.6833333333,San Antonio Spurs,Phoenix Suns,3,52-52,-2,two point jumper,True,21,True,True
2008-12-17,26.2166666667,San Antonio Spurs,Phoenix Suns,3,54-54,-2,two point shot,True,5,True,True
2008-12-17,27.3,San Antonio Spurs,Phoenix Suns,3,54-56,0,two point jumper,True,20,True,True
2008-12-17,33.35,San Antonio Spurs,Phoenix Suns,3,65-65,-2,two point jumper,True,19,False,True
2008-12-17,44.6666666667,San Antonio Spurs,Phoenix Suns,4,87-88,-1,two point jumper,True,18,True,True
2008-01-31,7.03333333333,San Antonio Spurs,Phoenix Suns,1,11-15,-6,layup,False,0,True,True
2008-01-31,9.0,San Antonio Spurs,Phoenix Suns,1,14-20,-8,two point jumper,False,19,False,True
2008-01-31,11.4333333333,San Antonio Spurs,Phoenix Suns,1,15-24,-10,free throw,False,15,True,True
2008-01-31,11.4333333333,San Antonio Spurs,Phoenix Suns,1,16-24,-9,free throw,False,15,True,True
2008-01-31,11.9833333333,San Antonio Spurs,Phoenix Suns,1,18-25,-9,layup,False,0,True,True
2008-01-31,12.8833333333,San Antonio Spurs,Phoenix Suns,2,18-27,-11,two point jumper,False,20,False,True
2008-01-31,13.8166666667,San Antonio Spurs,Phoenix Suns,2,18-29,-13,two point jumper,False,18,False,True
2008-01-31,17.4166666667,San Antonio Spurs,Phoenix Suns,2,25-35,-12,two point jumper,False,20,False,True
2008-01-31,18.0666666667,San Antonio Spurs,Phoenix Suns,2,27-37,-12,two point jumper,False,20,False,True
2008-01-31,19.1666666667,San Antonio Spurs,Phoenix Suns,2,29-38,-11,two point shot,False,1,True,True
2008-01-31,19.9833333333,San Antonio Spurs,Phoenix Suns,2,29-38,-11,two point jumper,False,21,False,True
2008-01-31,21.3166666667,San Antonio Spurs,Phoenix Suns,2,31-40,-10,free throw,False,15,False,True
2008-01-31,21.3166666667,San Antonio Spurs,Phoenix Suns,2,32-40,-9,free throw,False,15,True,True
2008-01-31,22.6166666667,San Antonio Spurs,Phoenix Suns,2,34-40,-8,two point jumper,False,20,True,True
2008-01-31,23.05,San Antonio Spurs,Phoenix Suns,2,34-40,-8,two point jumper,False,20,False,True
2008-01-31,24.3,San Antonio Spurs,Phoenix Suns,3,34-40,-8,two point jumper,False,14,False,True
2008-01-31,25.55,San Antonio Spurs,Phoenix Suns,3,36-43,-9,two point jumper,False,11,True,True
2008-01-31,25.9333333333,San Antonio Spurs,Phoenix Suns,3,36-43,-9,two point jumper,False,20,False,True
2008-01-31,26.05,San Antonio Spurs,Phoenix Suns,3,37-43,-7,free throw,False,15,True,True
2008-01-31,26.05,San Antonio Spurs,Phoenix Suns,3,38-43,-6,free throw,False,15,True,True
2008-01-31,34.3333333333,San Antonio Spurs,Phoenix Suns,3,53-55,-4,layup,False,0,True,True
2008-04-09,36.75,San Antonio Spurs,Phoenix Suns,4,75-70,-7,two point jumper,True,19,True,False
2008-04-09,47.4333333333,San Antonio Spurs,Phoenix Suns,4,96-77,-21,two point jumper,True,20,True,False
2008-11-26,12.9,San Antonio Spurs,Sacramento Kings,2,23-22,-1,two point jumper,False,22,False,True
2008-11-26,14.45,San Antonio Spurs,Sacramento Kings,2,25-26,-3,two point jumper,False,20,False,True
2008-03-21,7.91666666667,San Antonio Spurs,Sacramento Kings,1,13-12,-3,two point jumper,True,19,True,False
2008-03-21,9.26666666667,San Antonio Spurs,Sacramento Kings,1,13-14,-1,two point jumper,True,16,False,False
2008-03-21,10.35,San Antonio Spurs,Sacramento Kings,1,15-18,2,free throw,True,15,True,False
2008-03-21,10.35,San Antonio Spurs,Sacramento Kings,1,15-19,3,free throw,True,15,True,False
2008-03-21,22.1666666667,San Antonio Spurs,Sacramento Kings,2,42-49,5,layup,True,0,True,False
2008-03-21,36.3166666667,San Antonio Spurs,Sacramento Kings,4,68-79,9,two point jumper,True,1,False,False
2008-03-21,36.9333333333,San Antonio Spurs,Sacramento Kings,4,70-79,7,two point jumper,True,18,False,False
2008-03-21,37.3833333333,San Antonio Spurs,Sacramento Kings,4,72-81,7,two point jumper,True,21,True,False
2008-03-21,38.55,San Antonio Spurs,Sacramento Kings,4,75-81,5,free throw,True,15,False,False
2008-03-21,38.55,San Antonio Spurs,Sacramento Kings,4,75-82,6,free throw,True,15,True,False
2008-03-21,41.0333333333,San Antonio Spurs,Sacramento Kings,4,75-86,9,two point shot,True,3,False,False
2008-03-21,47.6666666667,San Antonio Spurs,Sacramento Kings,4,89-102,11,two point jumper,True,21,True,False
2008-04-14,15.3333333333,San Antonio Spurs,Sacramento Kings,2,40-33,5,two point jumper,False,22,False,False
2008-04-14,38.55,San Antonio Spurs,Sacramento Kings,4,85-80,3,two point jumper,False,21,False,False
2008-04-14,39.75,San Antonio Spurs,Sacramento Kings,4,87-84,1,two point jumper,False,21,False,False
2008-12-26,15.5166666667,San Antonio Spurs,Chicago Bulls,2,25-30,3,two point jumper,True,20,False,True
2008-12-26,33.2833333333,San Antonio Spurs,Chicago Bulls,3,57-69,10,two point jumper,True,17,False,True
2008-12-26,38.8833333333,San Antonio Spurs,Chicago Bulls,4,65-77,10,two point jumper,True,18,False,True
2008-03-20,12.2666666667,San Antonio Spurs,Chicago Bulls,2,24-23,-1,two point shot,False,1,True,False
2008-03-20,39.3666666667,San Antonio Spurs,Chicago Bulls,4,90-64,25,free throw,False,15,True,False
2008-03-20,39.3666666667,San Antonio Spurs,Chicago Bulls,4,91-64,26,free throw,False,15,True,False
2008-02-13,2.81666666667,San Antonio Spurs,Cleveland Cavaliers,1,5-6,-3,two point jumper,False,19,False,True
2008-02-13,3.7,San Antonio Spurs,Cleveland Cavaliers,1,7-9,-4,two point jumper,False,22,True,True
2008-02-13,4.41666666667,San Antonio Spurs,Cleveland Cavaliers,1,7-9,-4,layup,False,0,False,True
2008-02-13,5.95,San Antonio Spurs,Cleveland Cavaliers,1,9-14,-7,two point jumper,False,18,False,True
2008-02-13,7.63333333333,San Antonio Spurs,Cleveland Cavaliers,1,9-18,-11,layup,False,0,False,True
2008-02-13,18.25,San Antonio Spurs,Cleveland Cavaliers,2,30-38,-10,two point jumper,False,4,False,True
2008-02-13,27.25,San Antonio Spurs,Cleveland Cavaliers,3,48-55,-9,two point jumper,False,20,False,True
2008-01-10,13.1333333333,San Antonio Spurs,Detroit Pistons,2,32-20,-15,three point jumper,True,25,True,False
2008-01-10,14.8166666667,San Antonio Spurs,Detroit Pistons,2,38-20,-19,free throw,True,15,False,False
2008-01-10,14.8166666667,San Antonio Spurs,Detroit Pistons,2,38-21,-18,free throw,True,15,True,False
2008-01-10,35.0,San Antonio Spurs,Detroit Pistons,3,65-58,-9,layup,True,0,True,False
2008-01-10,37.6833333333,San Antonio Spurs,Detroit Pistons,4,69-61,-9,free throw,True,15,True,False
2008-01-10,37.6833333333,San Antonio Spurs,Detroit Pistons,4,69-62,-8,free throw,True,15,True,False
2008-01-10,42.1333333333,San Antonio Spurs,Detroit Pistons,4,78-66,-14,two point jumper,True,15,True,False
2008-03-14,35.5666666667,San Antonio Spurs,Detroit Pistons,3,55-63,-10,two point jumper,False,18,False,False
2008-02-05,7.91666666667,San Antonio Spurs,Indiana Pacers,1,24-26,-4,layup,False,0,True,False
2008-02-05,7.91666666667,San Antonio Spurs,Indiana Pacers,1,25-26,-2,free throw,False,15,True,False
2008-02-05,10.55,San Antonio Spurs,Indiana Pacers,1,29-33,-6,layup,False,0,True,False
2008-02-05,15.0666666667,San Antonio Spurs,Indiana Pacers,2,46-44,0,two point shot,False,2,True,False
2008-02-05,22.7333333333,San Antonio Spurs,Indiana Pacers,2,58-54,3,free throw,False,15,False,False
2008-02-05,22.7333333333,San Antonio Spurs,Indiana Pacers,2,59-54,4,free throw,False,15,True,False
2008-02-05,30.45,San Antonio Spurs,Indiana Pacers,3,74-61,11,two point shot,False,1,True,False
2008-02-05,37.4333333333,San Antonio Spurs,Indiana Pacers,4,83-70,11,two point jumper,False,21,True,False
2008-02-05,38.25,San Antonio Spurs,Indiana Pacers,4,85-70,13,two point jumper,False,1,True,False
2008-02-05,44.8333333333,San Antonio Spurs,Indiana Pacers,4,110-82,26,two point shot,False,3,True,False
2008-11-15,34.6,San Antonio Spurs,Dallas Mavericks,3,67-80,-15,two point jumper,False,21,True,True
2008-11-15,46.4,San Antonio Spurs,Dallas Mavericks,4,89-104,-17,two point jumper,False,19,False,True
2008-11-15,47.1833333333,San Antonio Spurs,Dallas Mavericks,4,92-105,-14,free throw,False,15,True,True
2008-11-15,47.1833333333,San Antonio Spurs,Dallas Mavericks,4,92-105,-14,free throw,False,15,False,True
2008-12-05,5.7,San Antonio Spurs,Dallas Mavericks,1,8-5,-4,free throw,True,15,True,True
2008-12-05,5.7,San Antonio Spurs,Dallas Mavericks,1,8-5,-4,free throw,True,15,False,True
2008-12-05,7.88333333333,San Antonio Spurs,Dallas Mavericks,1,15-9,-8,layup,True,0,True,True
2008-12-05,38.0833333333,San Antonio Spurs,Dallas Mavericks,4,73-83,8,two point jumper,True,20,True,True
2008-02-28,11.1666666667,San Antonio Spurs,Dallas Mavericks,1,23-19,-6,two point jumper,True,16,False,True
2008-03-23,17.2,San Antonio Spurs,Dallas Mavericks,2,22-29,-9,two point jumper,False,19,False,True
2008-03-23,33.4,San Antonio Spurs,Dallas Mavericks,3,58-54,2,layup,False,0,True,True
2008-03-23,35.4666666667,San Antonio Spurs,Dallas Mavericks,3,63-58,3,two point jumper,False,23,True,True
2008-03-23,36.75,San Antonio Spurs,Dallas Mavericks,4,67-60,5,two point jumper,False,21,True,True
2008-11-16,15.2166666667,San Antonio Spurs,Houston Rockets,2,28-28,-2,two point jumper,True,17,False,True
2008-11-16,41.1,San Antonio Spurs,Houston Rockets,4,74-78,2,two point jumper,True,17,False,True
2008-01-19,15.25,San Antonio Spurs,Houston Rockets,2,30-26,2,layup,False,0,True,False
2008-03-30,24.0,San Antonio Spurs,Houston Rockets,2,48-66,16,two point shot,True,14,True,False
2008-03-30,33.6,San Antonio Spurs,Houston Rockets,3,60-83,21,two point jumper,True,21,False,False
2008-03-30,35.0,San Antonio Spurs,Houston Rockets,3,65-83,16,two point jumper,True,19,False,False
2008-03-30,39.0666666667,San Antonio Spurs,Houston Rockets,4,68-89,19,two point jumper,True,19,False,False
2008-03-30,46.2166666667,San Antonio Spurs,Houston Rockets,4,82-107,23,layup,True,0,False,False
2008-03-30,47.8333333333,San Antonio Spurs,Houston Rockets,4,88-109,19,layup,True,0,True,False
2008-11-23,12.0,San Antonio Spurs,Memphis Grizzlies,1,22-29,4,three point jumper,True,49,False,False
2008-11-23,14.3166666667,San Antonio Spurs,Memphis Grizzlies,2,24-36,10,two point jumper,True,17,True,False
2008-11-23,14.5666666667,San Antonio Spurs,Memphis Grizzlies,2,24-36,10,two point jumper,True,17,False,False
2008-11-23,33.4,San Antonio Spurs,Memphis Grizzlies,3,59-73,12,two point jumper,True,1,False,False
2008-11-23,37.3833333333,San Antonio Spurs,Memphis Grizzlies,4,62-77,13,two point jumper,True,21,False,False
2008-11-23,37.75,San Antonio Spurs,Memphis Grizzlies,4,62-79,15,layup,True,0,True,False
2008-11-23,37.75,San Antonio Spurs,Memphis Grizzlies,4,62-79,16,free throw,True,15,False,False
2008-11-23,45.25,San Antonio Spurs,Memphis Grizzlies,4,77-95,16,two point jumper,True,16,True,False
2008-11-23,46.75,San Antonio Spurs,Memphis Grizzlies,4,81-99,16,two point jumper,True,16,True,False
2008-12-19,2.31666666667,San Antonio Spurs,Memphis Grizzlies,1,4-3,-1,two point shot,False,19,False,False
2008-12-19,14.0166666667,San Antonio Spurs,Memphis Grizzlies,2,21-33,-14,layup,False,0,True,False
2008-12-19,14.6333333333,San Antonio Spurs,Memphis Grizzlies,2,21-33,-14,layup,False,0,False,False
2008-12-19,16.1333333333,San Antonio Spurs,Memphis Grizzlies,2,23-37,-16,two point shot,False,1,False,False
2008-12-19,18.1666666667,San Antonio Spurs,Memphis Grizzlies,2,25-44,-21,two point jumper,False,19,False,False
2008-12-19,18.6333333333,San Antonio Spurs,Memphis Grizzlies,2,25-44,-21,two point jumper,False,1,False,False
2008-12-19,25.5833333333,San Antonio Spurs,Memphis Grizzlies,3,35-51,-18,two point jumper,False,21,False,False
2008-12-19,37.5666666667,San Antonio Spurs,Memphis Grizzlies,4,66-78,-14,two point jumper,False,21,True,False
2008-12-19,37.8833333333,San Antonio Spurs,Memphis Grizzlies,4,68-78,-12,layup,False,0,True,False
2008-12-19,39.9666666667,San Antonio Spurs,Memphis Grizzlies,4,72-80,-10,layup,False,0,True,False
2008-12-19,41.3833333333,San Antonio Spurs,Memphis Grizzlies,4,74-84,-12,two point jumper,False,20,True,False
2008-12-30,32.7833333333,San Antonio Spurs,Memphis Grizzlies,3,56-76,18,two point jumper,True,20,True,False
2008-12-30,33.3666666667,San Antonio Spurs,Memphis Grizzlies,3,58-78,18,two point shot,True,3,True,False
2008-12-30,37.8666666667,San Antonio Spurs,Memphis Grizzlies,4,68-90,20,two point jumper,True,17,True,False
2008-12-30,39.3833333333,San Antonio Spurs,Memphis Grizzlies,4,73-90,15,two point jumper,True,20,False,False
2008-12-30,40.7833333333,San Antonio Spurs,Memphis Grizzlies,4,75-96,19,layup,True,0,True,False
2008-01-26,11.5333333333,San Antonio Spurs,New Orleans Pelicans,1,28-27,-3,layup,True,0,False,True
2008-01-26,35.9166666667,San Antonio Spurs,New Orleans Pelicans,3,69-64,-7,two point shot,True,11,False,True
2008-01-26,45.0666666667,San Antonio Spurs,New Orleans Pelicans,4,98-72,-28,two point jumper,True,21,False,True
2008-03-12,37.65,San Antonio Spurs,New Orleans Pelicans,4,69-82,-15,two point jumper,False,21,True,True
2008-03-12,38.8,San Antonio Spurs,New Orleans Pelicans,4,69-82,-15,two point jumper,False,18,False,True
2008-03-12,45.4,San Antonio Spurs,New Orleans Pelicans,4,75-99,-26,layup,False,0,True,True
2008-11-20,32.8166666667,San Antonio Spurs,Atlanta Hawks,3,78-58,18,two point jumper,False,19,False,True
2008-11-20,33.0666666667,San Antonio Spurs,Atlanta Hawks,3,79-58,20,free throw,False,15,True,True
2008-11-20,33.0666666667,San Antonio Spurs,Atlanta Hawks,3,80-58,21,free throw,False,15,True,True
2008-11-20,35.9333333333,San Antonio Spurs,Atlanta Hawks,3,83-65,16,two point jumper,False,22,False,True
2008-11-21,10.9833333333,San Antonio Spurs,Orlando Magic,1,32-28,-6,two point jumper,True,17,True,True
2008-11-21,11.3833333333,San Antonio Spurs,Orlando Magic,1,34-28,-8,two point jumper,True,15,False,True
2008-11-21,12.6166666667,San Antonio Spurs,Orlando Magic,2,34-30,-6,two point jumper,True,14,False,True
2008-11-21,35.4833333333,San Antonio Spurs,Orlando Magic,3,87-90,1,two point jumper,True,4,False,True
2008-11-25,15.15,San Antonio Spurs,Oklahoma City Thunder,2,38-34,2,layup,False,0,False,True
2008-11-25,47.3166666667,San Antonio Spurs,Oklahoma City Thunder,4,113-101,11,free throw,False,15,False,True
2008-11-25,47.3166666667,San Antonio Spurs,Oklahoma City Thunder,4,114-101,12,free throw,False,15,True,True
2008-11-28,9.8,San Antonio Spurs,Washington Wizards,1,16-21,3,two point jumper,True,14,False,False
2008-11-28,39.3166666667,San Antonio Spurs,Washington Wizards,4,78-86,6,layup,True,0,False,False
2008-11-28,39.7,San Antonio Spurs,Washington Wizards,4,80-87,6,free throw,True,15,True,False
2008-11-28,39.7,San Antonio Spurs,Washington Wizards,4,80-88,7,free throw,True,15,True,False
2008-11-30,10.8666666667,San Antonio Spurs,Minnesota Timberwolves,1,20-24,-6,two point jumper,False,20,True,False
2008-11-30,14.5666666667,San Antonio Spurs,Minnesota Timberwolves,2,26-28,-4,two point jumper,False,4,False,False
2008-11-30,15.15,San Antonio Spurs,Minnesota Timberwolves,2,26-30,-6,two point jumper,False,21,False,False
2008-12-02,15.0,San Antonio Spurs,Portland Trail Blazers,2,23-32,7,layup,True,0,True,False
2008-12-02,15.65,San Antonio Spurs,Portland Trail Blazers,2,26-34,6,layup,True,0,True,False
2008-12-02,36.25,San Antonio Spurs,Portland Trail Blazers,4,57-77,18,layup,True,0,False,False
2008-12-02,36.75,San Antonio Spurs,Portland Trail Blazers,4,57-79,20,two point jumper,True,18,True,False
2008-12-02,41.6,San Antonio Spurs,Portland Trail Blazers,4,66-88,20,layup,True,0,True,False
2008-12-02,42.3166666667,San Antonio Spurs,Portland Trail Blazers,4,68-90,20,two point jumper,True,1,True,False
2008-12-07,15.3,San Antonio Spurs,Utah Jazz,2,35-29,-7,free throw,True,15,True,False
2008-12-07,15.3,San Antonio Spurs,Utah Jazz,2,35-30,-6,free throw,True,15,True,False
2008-12-07,26.3166666667,San Antonio Spurs,Utah Jazz,3,56-54,-4,two point jumper,True,19,True,False
2008-12-07,27.0833333333,San Antonio Spurs,Utah Jazz,3,56-56,-2,two point jumper,True,19,True,False
2008-12-15,0.716666666667,San Antonio Spurs,Denver Nuggets,1,0-0,-2,two point jumper,True,19,False,False
2008-12-15,2.93333333333,San Antonio Spurs,Denver Nuggets,1,4-4,-2,two point shot,True,13,True,False
2008-12-15,9.91666666667,San Antonio Spurs,Denver Nuggets,1,22-16,-7,free throw,True,15,True,False
2008-12-15,9.91666666667,San Antonio Spurs,Denver Nuggets,1,22-17,-6,free throw,True,15,True,False
2008-12-15,18.0,San Antonio Spurs,Denver Nuggets,2,39-38,-3,layup,True,0,True,False
2008-12-15,23.3,San Antonio Spurs,Denver Nuggets,2,48-56,6,layup,True,0,True,False
2008-12-15,25.5666666667,San Antonio Spurs,Denver Nuggets,3,50-56,4,two point jumper,True,18,False,False
2008-12-15,30.6333333333,San Antonio Spurs,Denver Nuggets,3,59-69,8,layup,True,0,False,False
2008-12-15,45.2166666667,San Antonio Spurs,Denver Nuggets,4,89-102,11,two point jumper,True,18,True,False
2008-01-03,13.25,San Antonio Spurs,Denver Nuggets,2,15-22,-9,two point jumper,False,19,False,False
2008-01-03,21.5166666667,San Antonio Spurs,Denver Nuggets,2,36-36,-2,two point jumper,False,21,True,False
2008-01-03,35.15,San Antonio Spurs,Denver Nuggets,3,58-56,1,free throw,False,15,False,False
2008-01-03,35.15,San Antonio Spurs,Denver Nuggets,3,59-56,2,free throw,False,15,True,False
2008-01-12,7.48333333333,San Antonio Spurs,Minnesota Timberwolves,1,13-13,-2,layup,True,0,False,False
2008-01-12,32.3666666667,San Antonio Spurs,Minnesota Timberwolves,3,57-65,6,layup,True,0,False,False
2008-01-21,37.3,San Antonio Spurs,Charlotte Bobcats,4,75-69,4,two point jumper,False,21,False,True
2008-01-21,37.7,San Antonio Spurs,Charlotte Bobcats,4,77-69,6,two point jumper,False,18,True,True
2008-01-24,9.36666666667,San Antonio Spurs,Miami Heat,1,18-23,-7,two point shot,False,8,False,True
2008-01-24,10.0,San Antonio Spurs,Miami Heat,1,22-23,-3,two point jumper,False,17,True,True
2008-01-24,11.55,San Antonio Spurs,Miami Heat,1,24-26,-4,two point jumper,False,5,False,True
2008-01-28,13.8833333333,San Antonio Spurs,Utah Jazz,2,23-29,-8,two point shot,False,1,False,False
2008-01-28,14.0666666667,San Antonio Spurs,Utah Jazz,2,24-29,-6,free throw,False,15,True,False
2008-01-28,14.0666666667,San Antonio Spurs,Utah Jazz,2,25-29,-5,free throw,False,15,True,False
2008-01-28,15.4666666667,San Antonio Spurs,Utah Jazz,2,27-31,-6,two point jumper,False,16,True,False
2008-01-28,16.1666666667,San Antonio Spurs,Utah Jazz,2,29-33,-6,two point jumper,False,14,True,False
2008-01-28,22.3666666667,San Antonio Spurs,Utah Jazz,2,41-51,-12,two point jumper,False,21,False,False
2008-01-28,23.85,San Antonio Spurs,Utah Jazz,2,45-53,-10,two point jumper,False,12,False,False
2008-01-28,33.6166666667,San Antonio Spurs,Utah Jazz,3,60-70,-12,two point jumper,False,21,False,False
2008-01-29,6.91666666667,San Antonio Spurs,Oklahoma City Thunder,1,19-15,2,two point jumper,False,15,False,False
2008-01-29,7.91666666667,San Antonio Spurs,Oklahoma City Thunder,1,19-15,2,two point jumper,False,1,False,False
2008-01-29,11.05,San Antonio Spurs,Oklahoma City Thunder,1,26-21,3,layup,False,0,True,False
2008-01-29,11.4166666667,San Antonio Spurs,Oklahoma City Thunder,1,26-23,1,two point jumper,False,16,False,False
2008-01-29,24.8166666667,San Antonio Spurs,Oklahoma City Thunder,3,48-46,0,two point jumper,False,4,False,False
2008-01-29,26.5666666667,San Antonio Spurs,Oklahoma City Thunder,3,53-48,3,two point jumper,False,4,False,False
2008-01-29,27.7166666667,San Antonio Spurs,Oklahoma City Thunder,3,55-48,5,two point jumper,False,21,True,False
2008-01-29,29.6666666667,San Antonio Spurs,Oklahoma City Thunder,3,57-50,5,two point jumper,False,9,False,False
2008-01-29,38.6333333333,San Antonio Spurs,Oklahoma City Thunder,4,66-67,-3,two point jumper,False,14,False,False
2008-02-06,9.7,San Antonio Spurs,Washington Wizards,1,16-15,-1,two point jumper,False,18,True,True
2008-02-06,11.0,San Antonio Spurs,Washington Wizards,1,20-15,3,layup,False,0,True,True
2008-02-06,20.75,San Antonio Spurs,Washington Wizards,2,31-29,1,free throw,False,15,True,True
2008-02-06,20.75,San Antonio Spurs,Washington Wizards,2,32-29,2,free throw,False,15,True,True
2008-02-06,23.0666666667,San Antonio Spurs,Washington Wizards,2,34-34,-2,two point jumper,False,1,False,True
2008-02-06,36.25,San Antonio Spurs,Washington Wizards,4,59-58,-1,two point jumper,False,20,True,True
2008-02-06,40.85,San Antonio Spurs,Washington Wizards,4,72-65,5,two point jumper,False,18,False,True
2008-02-19,15.3666666667,San Antonio Spurs,Charlotte Bobcats,2,22-18,-6,layup,True,0,False,True
2008-02-19,18.4833333333,San Antonio Spurs,Charlotte Bobcats,2,29-23,-7,free throw,True,15,False,True
2008-02-19,18.4833333333,San Antonio Spurs,Charlotte Bobcats,2,29-23,-7,free throw,True,15,False,True
2008-02-19,18.9166666667,San Antonio Spurs,Charlotte Bobcats,2,29-25,-6,layup,True,0,True,True
2008-02-19,20.1,San Antonio Spurs,Charlotte Bobcats,2,31-27,-6,two point jumper,True,18,True,True
2008-02-19,33.4833333333,San Antonio Spurs,Charlotte Bobcats,3,44-47,2,free throw,True,15,True,True
2008-02-19,33.4833333333,San Antonio Spurs,Charlotte Bobcats,3,44-48,3,free throw,True,15,True,True
2008-02-19,33.8,San Antonio Spurs,Charlotte Bobcats,3,44-50,4,layup,True,0,True,True
2008-02-19,35.0166666667,San Antonio Spurs,Charlotte Bobcats,3,47-54,5,layup,True,0,True,True
2008-03-07,34.6166666667,San Antonio Spurs,Denver Nuggets,3,71-76,-7,two point jumper,False,14,False,True
2008-03-07,36.65,San Antonio Spurs,Denver Nuggets,4,73-82,-11,two point jumper,False,17,False,True
2008-03-25,11.9666666667,San Antonio Spurs,Orlando Magic,1,28-29,-3,two point jumper,False,22,True,False
2008-03-25,15.0,San Antonio Spurs,Orlando Magic,2,36-36,-2,layup,False,0,True,False
2008-03-25,34.7166666667,San Antonio Spurs,Orlando Magic,3,78-72,4,two point jumper,False,19,True,False
2008-03-25,47.3666666667,San Antonio Spurs,Orlando Magic,4,105-93,11,free throw,False,15,True,False
2008-03-25,47.3666666667,San Antonio Spurs,Orlando Magic,4,105-93,11,free throw,False,15,False,False
2008-03-28,10.1,San Antonio Spurs,Minnesota Timberwolves,1,17-14,-5,two point jumper,True,21,False,True
2008-03-28,11.5666666667,San Antonio Spurs,Minnesota Timberwolves,1,17-14,-6,three point jumper,True,26,False,True
2008-03-28,39.8166666667,San Antonio Spurs,Minnesota Timberwolves,4,70-77,5,two point jumper,True,21,False,True
2008-03-28,44.5666666667,San Antonio Spurs,Minnesota Timberwolves,4,78-95,15,two point jumper,True,19,True,True
2008-04-04,13.9666666667,San Antonio Spurs,Utah Jazz,2,26-23,1,layup,False,0,False,False
2008-04-04,43.45,San Antonio Spurs,Utah Jazz,4,59-80,-23,two point jumper,False,22,False,False
2008-04-04,45.05,San Antonio Spurs,Utah Jazz,4,61-84,-25,two point jumper,False,16,False,False
2008-04-06,9.46666666667,San Antonio Spurs,Portland Trail Blazers,1,15-11,2,two point jumper,False,16,False,True
2008-04-06,11.3666666667,San Antonio Spurs,Portland Trail Blazers,1,17-13,2,two point jumper,False,20,False,True
2008-04-11,12.0,San Antonio Spurs,Oklahoma City Thunder,1,20-13,-10,three point jumper,True,36,False,True
2008-04-11,22.3,San Antonio Spurs,Oklahoma City Thunder,2,37-39,0,layup,True,0,True,True
2008-04-11,22.3,San Antonio Spurs,Oklahoma City Thunder,2,37-40,2,free throw,True,15,True,True
2008-04-11,35.35,San Antonio Spurs,Oklahoma City Thunder,3,57-70,11,two point jumper,True,17,True,True
2008-04-11,37.1166666667,San Antonio Spurs,Oklahoma City Thunder,4,57-75,16,layup,True,0,False,True
2008-04-11,37.8666666667,San Antonio Spurs,Oklahoma City Thunder,4,60-79,18,free throw,True,15,True,True
2008-04-11,37.8666666667,San Antonio Spurs,Oklahoma City Thunder,4,60-80,19,free throw,True,15,True,True
2008-04-16,41.7,San Antonio Spurs,Utah Jazz,4,69-102,31,layup,True,0,True,False
2008-04-16,46.0,San Antonio Spurs,Utah Jazz,4,76-106,28,two point jumper,True,21,True,False
2008-04-16,47.7166666667,San Antonio Spurs,Utah Jazz,4,80-109,26,three point jumper,True,23,False,False
2009-11-11,11.2166666667,San Antonio Spurs,New York Knicks,1,20-17,-5,two point jumper,True,20,False,True
2009-11-11,11.5,San Antonio Spurs,New York Knicks,1,20-17,-5,two point jumper,True,18,False,True
2009-11-11,13.0666666667,San Antonio Spurs,New York Knicks,2,21-20,-3,layup,True,0,False,True
2009-11-11,14.2,San Antonio Spurs,New York Knicks,2,21-20,-3,two point jumper,True,7,False,True
2009-11-11,22.9333333333,San Antonio Spurs,New York Knicks,2,36-38,0,two point jumper,True,1,False,True
2009-12-06,42.6,San Antonio Spurs,Golden State Warriors,4,77-117,38,two point jumper,True,19,False,False
2009-12-06,46.85,San Antonio Spurs,Golden State Warriors,4,83-121,36,layup,True,0,False,False
2009-04-13,40.95,San Antonio Spurs,Golden State Warriors,4,93-56,35,two point jumper,False,19,False,False
2009-04-13,42.5333333333,San Antonio Spurs,Golden State Warriors,4,96-61,34,free throw,False,15,True,False
2009-04-13,42.5333333333,San Antonio Spurs,Golden State Warriors,4,96-61,34,free throw,False,15,False,False
2009-04-13,43.95,San Antonio Spurs,Golden State Warriors,4,96-63,31,two point jumper,False,20,False,False
2009-04-13,45.0833333333,San Antonio Spurs,Golden State Warriors,4,98-65,31,two point jumper,False,23,False,False
2009-04-13,47.6,San Antonio Spurs,Golden State Warriors,4,101-72,26,three point jumper,False,25,True,False
2009-11-17,8.6,San Antonio Spurs,Los Angeles Clippers,1,15-15,-2,layup,False,0,False,True
2009-11-17,9.73333333333,San Antonio Spurs,Los Angeles Clippers,1,15-17,-4,two point jumper,False,21,False,True
2009-11-17,11.5,San Antonio Spurs,Los Angeles Clippers,1,19-23,-6,layup,False,0,True,True
2009-11-17,14.1333333333,San Antonio Spurs,Los Angeles Clippers,2,25-23,0,two point jumper,False,21,False,True
2009-11-17,34.1,San Antonio Spurs,Los Angeles Clippers,3,66-56,8,two point jumper,False,18,False,True
2009-11-17,35.5666666667,San Antonio Spurs,Los Angeles Clippers,3,68-60,6,two point jumper,False,21,True,True
2009-01-08,45.75,San Antonio Spurs,Los Angeles Clippers,4,81-100,17,two point shot,True,18,False,False
2009-03-27,21.3666666667,San Antonio Spurs,Los Angeles Clippers,2,37-55,16,layup,True,0,False,False
2009-03-27,42.5333333333,San Antonio Spurs,Los Angeles Clippers,4,83-107,22,two point jumper,True,18,True,False
2009-03-27,45.5666666667,San Antonio Spurs,Los Angeles Clippers,4,92-109,15,two point jumper,True,16,False,False
2009-10-29,37.8166666667,San Antonio Spurs,Phoenix Suns,4,78-77,-3,layup,True,0,True,True
2009-10-29,38.95,San Antonio Spurs,Phoenix Suns,4,79-79,-2,layup,True,0,False,True
2009-11-16,11.1,San Antonio Spurs,Sacramento Kings,1,15-21,-8,layup,False,0,False,True
2009-11-16,12.3166666667,San Antonio Spurs,Sacramento Kings,2,15-23,-10,two point jumper,False,4,False,True
2009-11-16,16.0666666667,San Antonio Spurs,Sacramento Kings,2,21-27,-8,two point jumper,False,18,False,True
2009-11-16,19.1333333333,San Antonio Spurs,Sacramento Kings,2,26-31,-7,layup,False,0,True,True
2009-11-16,19.1333333333,San Antonio Spurs,Sacramento Kings,2,27-31,-5,free throw,False,15,True,True
2009-11-16,33.9666666667,San Antonio Spurs,Sacramento Kings,3,62-70,-10,layup,False,0,True,True
2009-11-16,33.9666666667,San Antonio Spurs,Sacramento Kings,3,63-70,-8,free throw,False,15,True,True
2009-11-16,35.9666666667,San Antonio Spurs,Sacramento Kings,3,67-72,-6,free throw,False,15,True,True
2009-11-16,35.9666666667,San Antonio Spurs,Sacramento Kings,3,68-72,-5,free throw,False,15,True,True
2009-11-16,39.1333333333,San Antonio Spurs,Sacramento Kings,4,75-76,-3,two point jumper,False,16,True,True
2009-12-22,45.3333333333,San Antonio Spurs,Sacramento Kings,4,80-94,12,two point jumper,True,9,False,False
2009-02-27,42.8166666667,San Antonio Spurs,Cleveland Cavaliers,4,90-69,-23,two point jumper,True,17,False,False
2009-02-27,44.4666666667,San Antonio Spurs,Cleveland Cavaliers,4,92-70,-23,free throw,True,15,True,False
2009-02-27,44.4666666667,San Antonio Spurs,Cleveland Cavaliers,4,92-71,-22,free throw,True,15,True,False
2009-02-27,45.5833333333,San Antonio Spurs,Cleveland Cavaliers,4,92-79,-14,free throw,True,15,True,False
2009-02-27,45.5833333333,San Antonio Spurs,Cleveland Cavaliers,4,92-80,-13,free throw,True,15,True,False
2009-04-05,16.3166666667,San Antonio Spurs,Cleveland Cavaliers,2,27-36,-11,two point jumper,False,21,False,True
2009-04-05,39.2166666667,San Antonio Spurs,Cleveland Cavaliers,4,68-82,-16,two point jumper,False,16,True,True
2009-11-12,13.4333333333,San Antonio Spurs,Milwaukee Bucks,2,20-15,3,two point jumper,False,16,False,False
2009-11-12,14.7,San Antonio Spurs,Milwaukee Bucks,2,23-19,3,free throw,False,15,True,False
2009-11-12,14.7,San Antonio Spurs,Milwaukee Bucks,2,24-19,4,free throw,False,15,True,False
2009-11-12,31.0333333333,San Antonio Spurs,Milwaukee Bucks,3,49-41,6,layup,False,0,False,False
2009-11-12,32.8666666667,San Antonio Spurs,Milwaukee Bucks,3,53-46,5,two point jumper,False,15,True,False
2009-11-12,41.95,San Antonio Spurs,Milwaukee Bucks,4,61-67,-8,two point jumper,False,17,False,False
2009-11-04,9.46666666667,San Antonio Spurs,Dallas Mavericks,1,21-14,-9,two point jumper,True,19,False,False
2009-11-04,21.05,San Antonio Spurs,Dallas Mavericks,2,41-31,-12,two point jumper,True,18,False,False
2009-11-04,23.2666666667,San Antonio Spurs,Dallas Mavericks,2,49-34,-17,two point jumper,True,14,False,False
2009-11-04,23.6166666667,San Antonio Spurs,Dallas Mavericks,2,52-36,-18,two point jumper,True,21,True,False
2009-11-04,45.0333333333,San Antonio Spurs,Dallas Mavericks,4,93-78,-17,two point shot,True,10,True,False
2009-11-14,8.98333333333,San Antonio Spurs,Houston Rockets,1,16-15,-3,two point jumper,True,16,True,True
2009-11-14,10.1166666667,San Antonio Spurs,Houston Rockets,1,16-20,3,free throw,True,15,True,True
2009-11-14,10.1166666667,San Antonio Spurs,Houston Rockets,1,16-21,4,free throw,True,15,True,True
2009-11-14,13.75,San Antonio Spurs,Houston Rockets,2,23-21,-4,two point shot,True,4,False,True
2009-11-14,14.3833333333,San Antonio Spurs,Houston Rockets,2,25-21,-6,two point shot,True,5,False,True
2009-11-14,38.2,San Antonio Spurs,Houston Rockets,4,66-55,-13,two point jumper,True,4,False,True
2009-11-24,37.95,San Antonio Spurs,Memphis Grizzlies,4,77-60,15,two point jumper,False,1,False,True
2009-11-24,39.3166666667,San Antonio Spurs,Memphis Grizzlies,4,81-62,17,two point shot,False,1,True,True
2009-11-24,40.3166666667,San Antonio Spurs,Memphis Grizzlies,4,84-62,20,two point jumper,False,21,True,True
2009-11-19,8.98333333333,San Antonio Spurs,Denver Nuggets,1,18-17,-3,two point jumper,True,16,True,False
2009-11-19,10.6333333333,San Antonio Spurs,Denver Nuggets,1,22-19,-5,layup,True,0,False,False
2009-11-19,16.0666666667,San Antonio Spurs,Denver Nuggets,2,33-25,-10,two point shot,True,14,False,False
2009-11-19,16.8166666667,San Antonio Spurs,Denver Nuggets,2,34-25,-11,two point jumper,True,18,False,False
2009-11-19,17.2333333333,San Antonio Spurs,Denver Nuggets,2,34-25,-11,layup,True,0,False,False
2009-11-19,36.3666666667,San Antonio Spurs,Denver Nuggets,4,75-56,-21,two point jumper,True,21,True,False
2009-11-19,38.0666666667,San Antonio Spurs,Denver Nuggets,4,77-60,-19,two point jumper,True,20,True,False
2009-12-18,47.6666666667,San Antonio Spurs,Orlando Magic,4,78-90,-14,two point jumper,False,21,True,False
2009-02-03,18.4833333333,San Antonio Spurs,Denver Nuggets,2,33-46,-15,layup,False,0,False,True
2009-02-03,21.3,San Antonio Spurs,Denver Nuggets,2,39-50,-13,two point jumper,False,17,True,True
2009-02-03,36.55,San Antonio Spurs,Denver Nuggets,4,70-78,-10,layup,False,0,True,True
2009-02-03,39.0,San Antonio Spurs,Denver Nuggets,4,78-80,-4,two point jumper,False,21,True,True
2009-03-06,40.1666666667,San Antonio Spurs,Washington Wizards,4,60-86,24,two point jumper,True,20,False,False
2009-03-06,42.2833333333,San Antonio Spurs,Washington Wizards,4,63-91,26,two point jumper,True,20,True,False
2009-03-06,43.8166666667,San Antonio Spurs,Washington Wizards,4,65-91,25,free throw,True,15,False,False
2009-03-06,43.8166666667,San Antonio Spurs,Washington Wizards,4,65-92,26,free throw,True,15,True,False
2009-03-06,45.0,San Antonio Spurs,Washington Wizards,4,68-94,24,two point shot,True,1,False,False
2009-03-06,46.2666666667,San Antonio Spurs,Washington Wizards,4,72-98,24,two point jumper,True,20,True,False
2009-03-06,46.6333333333,San Antonio Spurs,Washington Wizards,4,74-99,24,free throw,True,15,True,False
2009-03-06,46.6333333333,San Antonio Spurs,Washington Wizards,4,74-100,25,free throw,True,15,True,False
2009-03-31,13.45,San Antonio Spurs,Oklahoma City Thunder,2,29-32,1,two point jumper,True,16,False,False
2009-03-31,39.4333333333,San Antonio Spurs,Oklahoma City Thunder,4,86-81,-7,two point jumper,True,1,False,False
